0.0.g

2 1 1 5 3 1 5 0 4 1 4 2 2 4 2 3 5 5
1.1.g
2 1 1 3 3 1 3 1 3 2 6 2 0 2 2 4 3 4
1.2.g
2 1 1 4 3 0 1 2 3 1 2 2 3 4 2 2 5 5
1.3.g
3 1 1 2 3 0 3 0 1 2 3 3 1 2 1 3 3 0
1.4.g
2 0 1 5 3 0 6 0 6 0 3 2 3 3 3 3 6 5
1.5.g
3 1 1 4 2 1 3 0 3 2 2 3 4 3 1 5 8 4
1.6.g
2 1 1 3 2 1 3 0 5 0 2 2 2 4 0 2 3 2
1.7.g
2 1 1 4 2 0 3 2 4 2 2 2 2 3 4 5 3 5
1.8.g
3 0 1 3 3 0 0 2 3 1 4 3 2 4 2 3 6 5
1.9.g
2 1 1 2 2 0 4 2 2 2 4 2 0 4 5 3 1 0
1.10.g
3 1 1 3 3 0 4 1 1 2 3 3 3 3 4 3 7 5
1.11.g
3 1 1 5 3 1 2 0 2 2 4 3 0 3 0 4 2 2
1.12.g
2 1 1 5 2 0 3 1 1 2 7 2 0 2 2 2 4 3
1.13.g
3 1 1 4 2 0 5 0 0 2 2 3 3 4 3 2 6 4
1.14.g
2 1 1 2 2 0 1 2 4 2 3 2 0 2 2 5 0 2
1.15.g
2 0 1 2 2 0 4 0 1 2 6 2 1 2 1 2 5 5
1.16.g
3 0 1 5 3 1 1 2 2 2 3 3 0 2 3 4 1 5
1.17.g
2 0 1 5 3 1 3 2 2 2 2 2 3 4 4 3 5 2
1.18.g
2 1 1 3 2 0 4 1 4 2 3 2 2 2 3 5 4 5
1.19.g
3 0 1 3 3 0 1 1 3 2 3 3 2 4 1 5 5 2
1.20.g

2 0 1 3 2 0 3 1 1 2 3 2 4 4 2 2 8 5
2.1.g
3 1 1 2 2 1 5 0 2 2 4 3 0 2 3 4 2 0
2.2.g
3 1 1 5 2 0 0 2 0 2 2 3 4 3 2 2 8 4
2.3.g
2 0 1 5 3 1 1 2 4 2 4 2 3 4 2 5 7 3
2.4.g
2 1 1 3 2 1 4 2 2 2 5 2 2 2 5 3 6 5
2.5.g
Error: 2
3 0 1 2 3 0 1 2 5 0 2 3 3 2 3 3 6 0
2.6.g
2 1 1 5 3 1 6 0 3 2 5 2 0 3 3 4 2 4
2.7.g
2 0 1 4 3 0 6 0 4 1 6 2 0 2 3 3 3 3
2.8.g
3 0 1 3 3 1 4 1 3 2 4 3 1 2 4 5 4 5
2.9.g
3 0 1 2 3 0 4 1 3 2 2 3 3 4 4 5 6 5
2.10.g
3 0 1 5 3 1 4 0 0 2 2 3 0 3 2 2 0 2
2.11.g
2 1 1 4 3 0 2 2 5 1 4 2 0 2 3 4 1 4
2.12.g
3 0 1 2 3 1 5 0 1 2 2 3 1 2 3 3 2 0
2.13.g
2 0 1 2 3 0 2 1 1 2 2 2 4 3 1 2 7 0
2.14.g
3 0 1 5 2 0 4 0 3 2 5 3 1 4 2 5 5 4
2.15.g
2 0 1 4 2 0 2 1 4 2 6 2 0 4 1 5 3 5
2.16.g
3 0 1 5 3 1 5 0 3 2 2 3 1 4 3 5 2 4
2.17.g
3 0 1 5 3 0 1 1 3 2 4 3 2 2 1 5 6 5
2.18.g
2 1 1 4 3 1 6 0 1 2 3 2 0 4 3 2 0 4
2.19.g
2 0 1 4 2 1 5 0 2 2 2 2 1 4 2 3 1 4
2.20.g

2 0 1 4 3 0 4 0 4 1 4 2 1 2 1 3 3 4
3.1.g
3 0 1 4 3 0 2 1 3 2 3 3 2 3 2 5 5 4
3.2.g
2 1 1 4 2 0 5 0 4 0 2 2 2 3 2 1 3 0
3.3.g
3 0 1 3 2 1 1 2 4 1 3 3 2 3 3 4 5 2
3.4.g
3 1 1 4 2 0 3 1 1 2 4 3 1 4 3 3 4 0
3.5.g
2 0 1 4 2 1 6 0 1 2 2 2 4 3 3 2 7 3
3.6.g
2 1 1 5 2 1 6 0 4 2 3 2 3 3 3 5 6 2
3.7.g
2 0 1 4 3 1 1 2 4 1 3 2 1 4 2 3 2 0
3.8.g
2 0 1 5 2 1 4 0 3 1 2 2 1 4 1 2 1 2
3.9.g
2 0 1 4 3 1 5 0 5 1 7 2 0 3 2 4 4 5
3.10.g
3 0 1 2 3 0 1 1 3 1 3 3 1 2 1 3 3 0
3.11.g
3 0 1 2 2 0 2 0 1 2 2 3 0 2 0 3 0 3
3.12.g
2 0 1 2 2 0 5 0 2 1 4 2 3 2 2 1 7 2
3.13.g
2 0 1 4 3 1 3 1 2 2 3 2 4 4 2 3 8 3
3.14.g
3 1 1 3 3 0 2 2 3 0 3 3 1 3 4 1 3 0
3.15.g
2 0 1 5 2 1 6 0 5 1 7 2 0 4 3 4 4 5
3.16.g
2 0 1 2 2 0 6 0 3 0 5 2 1 3 3 0 4 5
3.17.g
3 1 1 4 3 0 0 2 2 0 5 3 1 4 2 0 5 5
3.18.g
2 0 1 2 3 1 1 2 1 2 4 2 0 2 2 2 1 5
3.19.g
2 0 1 4 2 0 6 0 2 2 4 2 3 4 3 3 7 5
3.20.g

2 0 1 4 2 1 3 0 6 0 6 2 0 4 0 3 3 4
4.1.g
Error: 2
2 1 1 3 3 1 6 0 4 1 4 2 3 2 3 3 7 3
4.2.g
2 1 1 2 3 1 2 1 1 2 4 2 2 3 1 2 5 3
4.3.g
3 0 1 3 2 0 1 1 1 2 2 3 2 4 1 3 4 4
4.4.g
2 1 1 4 2 0 4 0 1 2 2 2 4 2 1 2 7 0
4.5.g
2 1 1 3 2 0 6 0 1 2 4 2 1 2 3 2 3 2
4.6.g
2 0 1 4 2 0 5 1 2 2 4 2 2 3 4 3 5 5
4.7.g
2 1 1 4 2 0 3 2 1 2 3 2 2 4 4 2 4 3
4.8.g
2 1 1 2 3 1 2 2 4 2 2 2 4 4 3 5 7 4
4.9.g
3 0 1 4 2 1 1 1 4 1 2 3 2 2 1 4 4 4
4.10.g
3 0 1 4 2 1 1 2 2 1 5 3 0 3 3 2 3 0
4.11.g
2 1 1 2 2 1 3 2 2 2 2 2 2 2 4 3 3 3
4.12.g
3 0 1 3 2 0 5 0 2 2 6 3 0 2 3 4 4 3
4.13.g
3 1 1 3 3 1 2 1 2 2 3 3 2 3 2 4 5 0
4.14.g
Error: 2
3 0 1 4 3 0 5 0 3 2 3 3 2 4 3 5 5 0
4.15.g
2 1 1 2 3 1 3 0 4 0 5 2 0 3 0 1 2 3
4.16.g
3 1 1 2 2 0 0 2 4 1 2 3 0 3 2 4 0 4
4.17.g
2 0 1 4 3 0 4 1 2 2 6 2 0 3 3 3 3 0
4.18.g
3 1 1 2 3 1 4 1 3 2 2 3 1 2 4 5 2 2
4.19.g
3 0 1 4 3 0 4 0 0 2 2 3 2 3 2 2 4 0
4.20.g

3 0 1 2 3 0 4 0 3 2 2 3 1 3 2 5 2 3
5.1.g
3 0 1 4 2 0 1 1 2 2 3 3 3 4 1 4 7 3
5.2.g
2 1 1 2 2 1 3 2 1 2 4 2 3 2 4 2 7 0
5.3.g
3 0 1 4 3 0 0 2 2 1 2 3 3 4 2 2 6 5
5.4.g
3 0 1 2 3 0 5 0 3 2 2 3 2 2 3 5 4 3
5.5.g
2 1 1 2 2 1 4 0 1 2 2 2 1 3 1 2 1 0
5.6.g
Error: 2
2 0 1 2 3 0 4 1 1 2 7 2 0 4 3 2 4 3
5.7.g
2 1 1 3 2 0 2 2 4 1 2 2 3 4 3 3 5 4
5.8.g
3 1 1 3 3 1 3 0 1 2 2 3 0 3 1 3 0 2
5.9.g
3 0 1 2 3 0 0 2 3 1 3 3 0 3 2 3 1 0
5.10.g
2 1 1 2 2 1 6 0 3 0 5 2 0 3 3 0 2 0
5.11.g
2 1 1 5 3 0 6 0 4 0 4 2 3 3 3 1 7 3
5.12.g
2 0 1 5 2 1 1 2 4 1 2 2 3 2 2 3 5 2
5.13.g
2 0 1 5 2 0 5 1 1 2 3 2 4 2 4 2 8 3
5.14.g
3 1 1 3 3 0 5 0 0 2 4 3 2 4 3 2 6 4
5.15.g
Error: 2
2 1 1 3 2 0 6 0 2 2 2 2 3 3 3 3 5 5
5.16.g
2 1 1 4 2 1 3 0 2 2 3 2 4 4 0 3 8 5
5.17.g
2 0 1 5 3 0 3 2 5 1 3 2 3 4 4 4 6 3
5.18.g
3 1 1 4 2 0 1 2 0 2 3 3 2 2 3 2 5 0
5.19.g
2 1 1 3 2 1 5 1 4 2 3 2 4 3 4 5 8 4
5.20.g

3 1 1 5 2 1 4 1 3 2 3 3 0 3 4 5 1 3
6.1.g
3 1 1 5 3 1 4 0 2 2 2 3 1 2 2 4 2 3
6.2.g
3 0 1 3 2 0 2 0 1 2 2 3 1 3 0 3 2 4
6.3.g
2 1 1 3 2 0 3 0 4 1 4 2 3 4 0 3 7 3
6.4.g
2 1 1 3 3 1 2 2 4 1 5 2 2 2 3 3 6 5
6.5.g
3 1 1 3 2 0 1 2 2 2 4 3 0 2 3 4 2 2
6.6.g
2 1 1 4 2 0 4 0 3 0 6 2 1 2 1 0 5 0
6.7.g
3 0 1 4 3 1 3 0 3 2 3 3 2 3 1 5 5 4
6.8.g
2 1 1 5 3 1 3 1 3 2 4 2 2 3 2 4 5 3
6.9.g
3 0 1 5 2 1 0 2 5 0 6 3 0 3 2 3 4 5
6.10.g
Error: 2
2 1 1 4 2 0 5 1 2 2 2 2 2 2 4 3 3 3
6.11.g
3 0 1 2 2 1 1 2 2 0 2 3 2 3 3 0 4 4
6.12.g
3 1 1 4 3 1 2 1 3 1 4 3 2 4 2 3 6 2
6.13.g
2 1 1 4 2 0 1 2 4 2 5 2 1 4 2 5 4 2
6.14.g
2 1 1 3 3 0 6 0 5 1 2 2 2 4 3 4 3 0
6.15.g
3 1 1 5 2 0 3 0 0 2 6 3 0 3 1 2 4 4
6.16.g
2 0 1 5 3 0 4 1 1 2 5 2 1 4 3 2 4 3
6.17.g
2 1 1 4 2 1 5 1 3 2 6 2 0 2 4 4 3 4
6.18.g
2 1 1 3 3 0 1 2 2 2 2 2 3 3 2 3 5 4
6.19.g
Error: 2
2 1 1 5 2 1 6 0 5 0 5 2 0 3 3 2 2 3
6.20.g

2 1 1 4 3 1 3 0 4 2 3 2 4 4 0 5 8 4
7.1.g
3 0 1 5 2 1 0 2 3 1 6 3 0 4 2 3 4 3
7.2.g
3 0 1 2 3 1 4 0 0 2 4 3 1 3 2 2 4 2
7.3.g
3 1 1 4 3 0 1 2 3 2 2 3 1 4 3 5 2 3
7.4.g
2 0 1 2 3 1 4 0 3 1 3 2 2 2 1 2 4 5
7.5.g
2 0 1 2 2 1 6 0 6 0 3 2 1 4 3 3 2 2
7.6.g
2 1 1 3 2 0 5 1 3 2 4 2 2 2 4 4 5 0
7.7.g
2 0 1 2 2 0 5 1 4 2 2 2 2 3 4 5 3 5
7.8.g
2 1 1 4 2 1 2 1 2 2 7 2 0 4 1 3 4 3
7.9.g
3 0 1 2 2 1 3 1 0 2 3 3 0 2 3 2 1 3
7.10.g
3 0 1 3 3 1 3 1 4 1 2 3 0 2 3 4 0 0
7.11.g
3 0 1 3 3 0 4 1 1 1 3 3 0 4 4 1 1 3
7.12.g
3 1 1 4 3 0 4 0 0 2 4 3 0 4 2 2 2 0
7.13.g
3 0 1 5 2 1 1 1 2 2 5 3 1 4 1 4 5 0
7.14.g
3 0 1 2 2 0 3 2 1 2 3 3 2 2 5 3 5 3
7.15.g
3 0 1 5 2 0 5 0 1 2 4 3 1 4 3 3 4 3
7.16.g
3 1 1 4 2 1 4 1 3 1 4 3 2 3 4 3 6 0
7.17.g
2 1 1 2 3 1 4 1 3 2 2 2 2 4 3 4 3 3
7.18.g
3 1 1 5 3 0 4 1 1 1 4 3 0 3 4 1 2 0
7.19.g
2 1 1 3 2 1 3 1 1 2 7 2 0 3 2 2 4 0
7.20.g

Error: 2
2 1 1 2 2 1 2 1 4 2 3 2 2 2 1 5 4 3
8.1.g
2 0 1 4 2 0 1 2 3 2 5 2 2 2 2 4 6 4
8.2.g
2 0 1 3 3 0 2 2 3 1 5 2 2 3 3 2 6 3
8.3.g
2 0 1 4 2 0 5 0 2 2 4 2 3 3 2 3 7 4
8.4.g
3 0 1 4 2 0 3 1 0 2 2 3 4 4 3 2 8 4
8.5.g
2 0 1 3 3 0 6 0 5 0 7 2 0 2 3 2 4 5
8.6.g
3 1 1 5 2 1 1 2 1 2 2 3 4 4 3 3 8 0
8.7.g
2 0 1 4 2 0 6 0 3 0 4 2 2 2 3 0 5 0
8.8.g
3 1 1 5 3 1 5 0 2 2 3 3 1 3 3 4 3 2
8.9.g
2 1 1 4 3 1 5 0 2 1 4 2 2 2 2 1 5 2
8.10.g
2 0 1 4 3 1 6 0 3 1 4 2 2 2 3 2 5 5
8.11.g
3 0 1 2 2 0 0 2 4 1 3 3 0 3 2 4 1 2
8.12.g
3 0 1 2 2 0 4 0 1 2 5 3 1 4 2 3 5 0
8.13.g
3 1 1 4 2 1 4 1 2 2 2 3 4 2 4 4 8 2
8.14.g
2 1 1 5 2 0 2 2 3 2 2 2 4 3 3 4 7 0
8.15.g
2 1 1 4 3 0 3 2 2 1 6 2 0 2 4 1 3 0
8.16.g
2 1 1 2 2 1 6 0 3 0 4 2 2 3 3 0 5 4
8.17.g
2 1 1 5 3 0 3 1 2 2 3 2 1 2 2 3 2 2
8.18.g
3 1 1 4 3 1 3 2 4 1 3 3 2 2 5 4 5 4
8.19.g
2 1 1 4 2 1 1 2 2 1 5 2 1 2 2 1 4 4
8.20.g

2 0 1 2 3 0 2 2 2 2 2 2 2 3 3 3 3 5
9.1.g
2 0 1 4 3 0 2 1 1 2 2 2 2 4 1 2 3 0
9.2.g
3 0 1 5 3 0 3 0 3 2 3 3 3 4 1 5 7 4
9.3.g
3 1 1 2 3 1 2 2 3 1 4 3 1 3 4 3 4 4
9.4.g
2 0 1 2 2 0 2 2 3 1 7 2 0 4 3 2 4 2
9.5.g
Error: 2
2 1 1 4 2 1 1 2 5 1 6 2 1 3 2 4 5 2
9.6.g
2 0 1 4 3 0 2 2 1 2 7 2 0 2 3 2 4 0
9.7.g
3 1 1 2 3 0 0 2 5 0 3 3 3 2 2 3 7 5
9.8.g
3 0 1 2 3 1 3 2 3 1 3 3 3 4 5 3 7 4
9.9.g
Error: 2
3 1 1 5 3 0 5 0 1 2 4 3 2 4 3 3 6 3
9.10.g
2 1 1 5 3 0 2 2 2 1 3 2 0 3 3 1 0 0
9.11.g
2 0 1 5 3 0 5 0 3 0 2 2 2 4 2 0 3 5
9.12.g
2 1 1 3 2 1 4 2 4 2 3 2 0 2 5 5 0 0
9.13.g
2 1 1 2 2 1 6 0 3 0 2 2 2 2 3 0 3 2
9.14.g
3 0 1 3 3 0 2 0 2 2 5 3 0 2 0 4 3 3
9.15.g
3 0 1 2 3 0 2 2 3 2 3 3 0 4 4 5 1 2
9.16.g
2 1 1 3 2 0 3 1 1 2 3 2 1 3 2 2 2 0
9.17.g
3 1 1 2 2 1 1 2 2 0 4 3 0 4 3 0 2 5
9.18.g
2 0 1 3 3 0 6 0 4 1 2 2 3 4 3 3 5 4
9.19.g
2 0 1 2 3 0 5 1 2 2 5 2 1 2 4 3 4 5
9.20.g

3 1 1 3 2 0 2 0 1 2 4 3 1 4 0 3 4 0
10.1.g
2 1 1 4 2 0 6 0 3 0 4 2 2 4 3 0 5 2
10.2.g
3 1 1 3 2 0 3 1 4 1 3 3 0 3 3 4 1 4
10.3.g
3 1 1 5 3 0 0 2 0 2 3 3 0 4 2 2 1 0
10.4.g
2 0 1 3 3 0 6 0 6 0 2 2 3 2 3 3 5 0
10.5.g
3 0 1 3 3 0 2 2 3 2 2 3 1 2 4 5 2 3
10.6.g
3 0 1 3 3 0 4 1 3 2 5 3 1 3 4 5 5 4
10.7.g
3 1 1 2 2 0 5 0 1 2 6 3 0 3 3 3 4 0
10.8.g
3 0 1 5 3 1 4 0 3 2 5 3 1 4 2 5 5 2
10.9.g
2 0 1 2 2 0 3 1 3 2 3 2 0 2 2 4 0 4
10.10.g
3 1 1 4 2 1 2 2 3 1 3 3 3 4 4 3 7 4
10.11.g
2 1 1 4 3 1 2 2 4 2 2 2 3 4 3 5 5 0
10.12.g
2 0 1 5 3 1 2 2 1 2 2 2 4 2 3 2 7 3
10.13.g
3 1 1 4 2 1 3 2 2 1 2 3 0 3 5 2 0 3
10.14.g
2 0 1 3 3 1 3 1 2 2 3 2 1 3 2 3 2 4
10.15.g
2 1 1 5 2 1 4 1 4 2 7 2 0 4 3 5 4 4
10.16.g
3 1 1 4 3 0 5 0 2 2 4 3 1 3 3 4 4 2
10.17.g
2 1 1 2 2 0 2 1 3 2 5 2 2 2 1 4 6 3
10.18.g
Error: 2
2 0 1 2 3 1 1 2 3 2 4 2 2 3 2 4 5 0
10.19.g
2 0 1 3 2 0 2 1 3 2 5 2 1 2 1 4 4 0
10.20.g

2 1 1 4 3 1 2 1 4 2 4 2 0 3 1 5 1 3
11.1.g
3 1 1 3 3 1 5 0 3 2 4 3 0 4 3 5 2 2
11.2.g
2 1 1 5 2 0 4 1 4 2 3 2 1 4 3 5 2 5
11.3.g
3 0 1 2 2 0 4 1 3 1 5 3 1 3 4 3 5 2
11.4.g
3 0 1 4 2 0 5 0 3 2 4 3 1 2 3 5 4 0
11.5.g
3 1 1 5 2 0 2 1 1 2 3 3 0 2 2 3 1 0
11.6.g
2 0 1 5 2 1 1 2 4 2 3 2 1 3 2 5 2 0
11.7.g
2 0 1 3 2 1 6 0 4 1 2 2 3 4 3 3 5 2
11.8.g
Error: 2
3 1 1 4 2 0 2 1 0 2 6 3 0 3 2 2 4 3
11.9.g
Error: 2
3 1 1 4 3 0 1 2 1 2 3 3 0 2 3 3 1 2
11.10.g
2 0 1 5 3 0 3 2 4 1 3 2 0 2 4 3 0 5
11.11.g
2 0 1 4 3 1 1 2 3 2 7 2 0 4 2 4 4 4
11.12.g
3 1 1 4 2 0 0 2 3 1 2 3 2 2 2 3 4 2
11.13.g
2 0 1 2 3 1 5 1 2 2 3 2 4 4 4 3 8 5
11.14.g
2 0 1 3 3 0 3 1 3 2 3 2 1 4 2 4 2 2
11.15.g
2 1 1 3 2 0 1 2 1 2 3 2 0 3 2 2 0 4
11.16.g
3 1 1 2 2 1 1 2 4 1 4 3 0 3 3 4 2 5
11.17.g
2 0 1 2 3 0 3 0 2 2 3 2 1 4 0 3 2 5
11.18.g
Error: 2
3 0 1 2 2 1 2 2 3 1 2 3 0 3 4 3 0 2
11.19.g
2 0 1 5 3 1 4 0 4 1 2 2 1 3 1 3 1 5
11.20.g

2 1 1 4 3 0 3 2 1 2 2 2 3 3 4 2 5 5
12.1.g
2 0 1 2 2 1 1 2 4 2 4 2 0 2 2 5 1 0
12.2.g
3 0 1 2 3 1 4 1 3 2 5 3 1 2 4 5 5 5
12.3.g
2 0 1 3 3 1 4 1 4 2 4 2 3 3 3 5 7 3
12.4.g
2 1 1 3 2 0 2 2 2 1 4 2 0 2 3 1 1 4
12.5.g
2 0 1 2 3 0 4 2 3 2 6 2 1 2 5 4 5 2
12.6.g
2 1 1 3 3 1 2 2 2 1 3 2 3 2 3 1 6 3
12.7.g
2 1 1 3 2 0 3 1 1 2 3 2 4 4 2 2 8 3
12.8.g
3 0 1 3 3 0 4 0 3 2 2 3 0 2 2 5 0 2
12.9.g
2 1 1 4 3 1 3 2 4 1 2 2 2 4 4 3 3 4
12.10.g
2 0 1 5 3 0 1 2 1 2 6 2 0 4 2 2 3 2
12.11.g
3 0 1 4 2 0 1 2 5 0 2 3 2 3 3 3 4 0
12.12.g
2 0 1 5 3 0 6 0 5 0 7 2 0 4 3 2 4 5
12.13.g
Error: 2
3 1 1 3 2 1 2 0 0 2 3 3 0 4 0 2 1 0
12.14.g
2 1 1 2 2 0 4 1 3 2 2 2 2 2 3 4 3 4
12.15.g
3 1 1 5 3 1 3 1 4 1 2 3 2 3 3 4 4 0
12.16.g
2 1 1 3 3 1 4 2 5 1 5 2 0 4 5 4 2 2
12.17.g
3 1 1 4 3 1 4 0 3 2 6 3 0 3 2 5 4 0
12.18.g
3 0 1 2 2 0 4 1 1 1 3 3 3 2 4 1 7 4
12.19.g
3 1 1 3 2 0 4 0 3 2 4 3 2 2 2 5 6 3
12.20.g

2 1 1 4 3 1 3 2 2 2 4 2 1 2 4 3 3 0
13.1.g
2 1 1 2 2 0 3 1 1 2 3 2 1 2 2 2 2 5
13.2.g
3 0 1 3 3 1 0 2 2 1 3 3 1 2 2 2 3 0
13.3.g
2 1 1 3 3 0 3 0 2 2 5 2 2 4 0 3 6 4
13.4.g
3 0 1 3 3 1 2 0 2 2 3 3 2 4 0 4 5 5
13.5.g
3 0 1 3 2 0 1 2 3 2 2 3 1 2 3 5 2 5
13.6.g
2 0 1 3 2 0 5 0 3 1 6 2 0 2 2 2 3 2
13.7.g
2 0 1 2 2 0 3 1 4 2 3 2 3 3 2 5 6 0
13.8.g
3 1 1 4 2 0 5 0 1 2 2 3 0 3 3 3 0 3
13.9.g
2 0 1 2 2 1 6 0 4 2 4 2 0 2 3 5 1 3
13.10.g
3 1 1 4 3 1 5 0 0 2 2 3 1 4 3 2 2 3
13.11.g
2 0 1 5 2 1 1 2 3 2 2 2 3 3 2 4 5 2
13.12.g
2 0 1 3 2 1 6 0 3 1 2 2 1 2 3 2 1 0
13.13.g
2 0 1 2 2 0 1 2 3 2 3 2 1 3 2 4 2 4
13.14.g
3 0 1 5 2 0 0 2 4 0 4 3 0 4 2 2 2 5
13.15.g
2 0 1 5 3 1 2 2 4 1 5 2 1 3 3 3 4 4
13.16.g
Error: 2
2 0 1 3 3 0 2 2 5 1 5 2 0 2 3 4 2 0
13.17.g
3 1 1 4 3 1 1 2 0 2 4 3 0 3 3 2 2 0
13.18.g
2 0 1 3 2 0 2 1 4 2 3 2 1 3 1 5 2 3
13.19.g
2 1 1 4 3 1 6 0 3 1 4 2 0 4 3 2 1 3
13.20.g

2 0 1 2 3 0 2 1 3 2 6 2 1 4 1 4 5 3
14.1.g
2 1 1 5 3 0 4 2 3 1 7 2 0 2 5 2 4 3
14.2.g
3 0 1 4 3 0 0 2 3 0 5 3 1 2 2 1 5 0
14.3.g
2 0 1 5 3 1 4 0 2 1 4 2 3 4 1 1 7 2
14.4.g
3 0 1 5 3 0 1 1 1 2 4 3 1 4 1 3 4 2
14.5.g
3 1 1 5 2 0 5 0 2 2 5 3 0 4 3 4 3 3
14.6.g
3 1 1 2 2 0 3 2 3 0 6 3 0 4 5 1 4 3
14.7.g
3 1 1 3 3 1 5 0 1 2 2 3 1 4 3 3 2 4
14.8.g
3 0 1 2 2 1 3 0 2 2 6 3 0 3 1 4 4 5
14.9.g
2 1 1 5 2 1 4 0 5 1 4 2 0 3 1 4 1 5
14.10.g
3 0 1 4 3 0 4 0 0 2 3 3 0 3 2 2 1 5
14.11.g
2 0 1 4 3 1 4 1 2 2 6 2 1 4 3 3 5 2
14.12.g
2 0 1 3 3 1 4 0 3 0 2 2 3 4 1 0 5 2
14.13.g
Error: 2
2 1 1 4 3 1 6 0 2 2 2 2 1 4 3 3 1 5
14.14.g
2 1 1 4 3 1 4 0 4 2 2 2 1 4 1 5 1 0
14.15.g
2 1 1 5 2 1 4 2 3 1 5 2 0 3 5 2 2 5
14.16.g
2 0 1 5 3 1 6 0 1 2 4 2 2 4 3 2 5 2
14.17.g
3 0 1 5 2 0 2 2 2 0 4 3 0 3 4 0 2 0
14.18.g
2 0 1 3 2 1 4 2 3 2 6 2 0 2 5 4 3 0
14.19.g
2 1 1 4 3 0 6 0 4 1 6 2 0 4 3 3 3 2
14.20.g

3 1 1 4 2 1 1 2 3 1 2 3 3 3 3 3 6 4
15.1.g
Error: 2
2 1 1 4 3 1 3 1 4 2 3 2 2 4 2 5 4 3
15.2.g
2 0 1 2 2 1 2 1 4 2 3 2 3 3 1 5 6 4
15.3.g
2 1 1 5 3 0 3 0 4 2 6 2 0 4 0 5 3 4
15.4.g
2 0 1 2 2 1 3 1 3 2 4 2 3 3 2 4 7 3
15.5.g
3 0 1 3 3 0 5 0 2 2 3 3 3 4 3 4 7 2
15.6.g
2 1 1 2 2 0 2 1 3 2 7 2 0 4 1 4 4 0
15.7.g
Error: 2
3 0 1 2 3 1 0 2 1 1 4 3 2 3 2 1 6 5
15.8.g
2 1 1 3 2 1 3 0 6 0 6 2 0 3 0 3 3 4
15.9.g
3 0 1 3 2 1 1 1 1 1 4 3 1 2 1 1 4 2
15.10.g
2 1 1 4 2 0 4 0 4 0 5 2 1 3 1 1 4 0
15.11.g
2 1 1 5 2 1 2 1 3 2 6 2 1 3 1 4 5 0
15.12.g
2 0 1 3 3 0 1 2 2 2 4 2 1 4 2 3 3 2
15.13.g
3 0 1 5 2 0 1 2 3 2 3 3 2 2 3 5 5 0
15.14.g
3 0 1 2 3 1 4 1 1 2 6 3 0 2 4 3 4 4
15.15.g
3 0 1 4 3 1 2 0 0 2 5 3 0 2 0 2 3 5
15.16.g
2 0 1 5 2 1 2 1 2 2 5 2 1 4 1 3 4 3
15.17.g
2 0 1 5 2 1 5 0 4 2 2 2 1 3 2 5 1 0
15.18.g
2 1 1 2 2 1 4 1 4 2 6 2 0 4 3 5 3 2
15.19.g
3 1 1 3 3 1 4 1 2 1 2 3 1 3 4 2 2 2
15.20.g

3 1 1 2 2 1 5 0 1 2 5 3 0 2 3 3 3 0
16.1.g
3 0 1 3 2 0 5 0 2 2 3 3 1 3 3 4 3 0
16.2.g
3 0 1 5 3 1 0 2 1 2 4 3 1 3 2 3 4 2
16.3.g
3 0 1 2 2 1 1 2 5 0 4 3 2 2 3 3 6 2
16.4.g
2 1 1 3 3 0 5 0 4 0 3 2 2 3 2 1 4 5
16.5.g
3 1 1 5 3 0 3 0 1 2 2 3 3 2 1 3 6 2
16.6.g
Error: 2
Error: 2
Error: 2
Error: 2
2 0 1 3 3 1 2 1 2 2 7 2 0 3 1 3 4 5
16.7.g
2 1 1 4 2 1 4 1 1 2 3 2 2 3 3 2 4 3
16.8.g
2 1 1 2 2 1 2 1 2 2 4 2 3 2 1 3 7 3
16.9.g
3 1 1 3 3 1 1 2 1 2 2 3 4 3 3 3 8 4
16.10.g
3 1 1 5 2 1 1 2 4 1 4 3 0 4 3 4 2 4
16.11.g
2 0 1 3 3 1 3 2 4 1 6 2 0 4 4 3 3 4
16.12.g
3 0 1 3 2 0 0 2 0 2 5 3 0 3 2 2 3 5
16.13.g
3 1 1 2 3 1 0 2 4 1 2 3 2 4 2 4 4 3
16.14.g
3 0 1 3 3 1 0 2 2 0 4 3 1 2 2 0 4 0
16.15.g
2 0 1 3 2 0 3 1 4 2 3 2 1 2 2 5 2 2
16.16.g
3 1 1 3 3 1 5 0 2 2 6 3 0 3 3 4 4 4
16.17.g
2 1 1 5 2 1 2 1 4 2 3 2 3 3 1 5 6 3
16.18.g
2 1 1 3 3 0 5 0 3 1 6 2 1 4 2 2 5 3
16.19.g
2 0 1 5 2 1 2 1 1 2 2 2 2 2 1 2 3 2
16.20.g

Error: 2
2 1 1 4 2 1 5 0 1 2 7 2 0 4 2 2 4 0
17.1.g
2 0 1 5 3 1 1 2 2 1 4 2 2 3 2 1 5 5
17.2.g
3 0 1 2 3 0 2 0 2 2 6 3 0 4 0 4 4 2
17.3.g
3 1 1 2 3 0 5 0 1 2 4 3 0 4 3 3 2 0
17.4.g
2 0 1 4 2 1 4 2 5 1 3 2 0 4 5 4 0 2
17.5.g
2 1 1 3 3 0 2 2 3 2 3 2 2 3 3 4 4 0
17.6.g
3 1 1 4 2 1 4 0 2 2 6 3 0 4 2 4 4 0
17.7.g
2 1 1 4 3 1 3 1 1 2 4 2 0 4 2 2 1 3
17.8.g
3 1 1 5 3 0 3 1 1 2 4 3 2 2 3 3 6 5
17.9.g
3 0 1 4 3 0 3 2 1 1 3 3 1 4 5 1 3 5
17.10.g
2 1 1 3 2 0 2 1 3 2 6 2 1 3 1 4 5 4
17.11.g
2 1 1 5 2 1 4 1 4 2 5 2 2 4 3 5 6 4
17.12.g
2 1 1 3 3 0 2 2 3 2 7 2 0 4 3 4 4 3
17.13.g
3 1 1 5 3 1 5 0 0 2 3 3 1 3 3 2 3 2
17.14.g
2 1 1 5 2 1 3 0 3 2 4 2 3 3 0 4 7 3
17.15.g
2 0 1 3 3 0 3 0 5 1 5 2 0 3 0 4 2 5
17.16.g
2 0 1 5 2 1 4 0 4 1 4 2 2 3 1 3 5 2
17.17.g
3 0 1 4 2 0 3 0 0 2 4 3 1 3 1 2 4 2
17.18.g
3 0 1 2 2 1 1 1 2 1 5 3 1 2 1 2 5 2
17.19.g
3 1 1 5 2 1 4 0 0 2 4 3 0 2 2 2 2 5
17.20.g

3 0 1 4 2 0 5 0 0 2 4 3 1 3 3 2 4 4
18.1.g
2 0 1 2 2 0 3 2 4 2 4 2 2 3 4 5 5 3
18.2.g
3 0 1 3 3 1 5 0 3 2 5 3 0 4 3 5 3 0
18.3.g
3 0 1 4 2 0 2 1 1 2 2 3 1 4 2 3 2 2
18.4.g
3 0 1 2 2 0 5 0 1 2 2 3 4 3 3 3 8 3
18.5.g
2 0 1 5 2 0 2 2 3 2 2 2 1 3 3 4 1 2
18.6.g
2 1 1 4 2 0 2 1 2 2 3 2 1 2 1 3 2 4
18.7.g
3 1 1 2 2 1 1 1 1 2 5 3 0 3 1 3 3 3
18.8.g
2 0 1 3 2 0 1 2 3 2 3 2 0 4 2 4 0 4
18.9.g
2 0 1 4 3 0 5 0 3 0 2 2 3 2 2 0 5 0
18.10.g
3 1 1 4 2 0 2 2 4 0 5 3 1 4 4 2 5 5
18.11.g
2 1 1 2 3 1 6 0 4 1 7 2 0 3 3 3 4 4
18.12.g
3 1 1 3 3 1 0 2 3 0 3 3 3 3 2 1 7 0
18.13.g
3 0 1 5 3 0 1 2 3 0 6 3 0 4 3 1 4 5
18.14.g
2 0 1 2 2 0 3 1 4 2 5 2 2 4 2 5 6 3
18.15.g
3 1 1 3 2 1 3 0 1 2 4 3 2 3 1 3 6 5
18.16.g
3 1 1 5 3 0 2 0 0 2 2 3 3 2 0 2 6 2
18.17.g
3 1 1 2 2 0 3 1 1 2 4 3 2 3 3 3 6 3
18.18.g
3 0 1 5 2 0 1 1 1 2 4 3 1 3 1 3 4 2
18.19.g
2 1 1 2 2 0 4 2 5 1 6 2 0 3 5 4 3 3
18.20.g

3 1 1 3 2 1 1 1 0 2 2 3 2 3 1 2 4 4
19.1.g
3 0 1 3 2 0 4 1 1 2 2 3 2 4 4 3 4 2
19.2.g
3 0 1 4 3 1 5 0 1 2 5 3 1 3 3 3 5 5
19.3.g
2 0 1 3 3 0 5 1 4 2 2 2 4 3 4 5 7 3
19.4.g
2 1 1 3 3 0 3 2 2 2 6 2 0 2 4 3 3 2
19.5.g
2 0 1 2 2 1 1 2 4 1 7 2 0 2 2 3 4 4
19.6.g
2 1 1 3 2 1 4 0 4 0 4 2 0 3 1 1 1 5
19.7.g
2 1 1 3 2 1 5 0 3 1 2 2 1 2 2 2 1 3
19.8.g
2 0 1 2 2 1 2 2 4 2 4 2 1 3 3 5 3 2
19.9.g
3 0 1 5 2 0 2 1 1 2 3 3 2 3 2 3 5 4
19.10.g
2 0 1 3 3 0 6 0 2 1 5 2 2 3 3 1 6 4
19.11.g
3 0 1 2 2 1 4 1 4 1 3 3 2 4 4 4 5 4
19.12.g
3 0 1 3 3 1 0 2 2 2 2 3 0 2 2 4 0 2
19.13.g
2 1 1 5 2 1 6 0 3 0 4 2 2 3 3 0 5 0
19.14.g
3 1 1 2 2 1 1 1 4 1 2 3 1 3 1 4 2 3
19.15.g
2 0 1 2 2 1 3 2 3 2 4 2 2 2 4 4 5 5
19.16.g
3 0 1 2 2 1 0 2 1 2 2 3 2 4 2 3 4 3
19.17.g
2 1 1 4 3 1 5 0 4 2 4 2 2 2 2 5 5 4
19.18.g
3 1 1 3 3 1 5 0 2 2 6 3 0 4 3 4 4 0
19.19.g
2 0 1 4 3 0 5 1 4 2 6 2 0 2 4 5 3 4
19.20.g

2 0 1 4 2 1 5 0 1 2 3 2 4 3 2 2 8 4
20.1.g
2 1 1 5 2 1 6 0 5 0 3 2 3 2 3 2 6 2
20.2.g
3 1 1 2 2 0 0 2 4 1 4 3 2 4 2 4 6 4
20.3.g
3 0 1 2 3 0 5 0 0 2 3 3 2 3 3 2 5 5
20.4.g
3 0 1 5 3 0 2 2 3 0 3 3 3 4 4 1 7 2
20.5.g
3 1 1 3 2 0 0 2 2 2 2 3 2 3 2 4 4 3
20.6.g
Error: 2
3 1 1 4 3 1 5 0 1 2 2 3 4 2 3 3 8 4
20.7.g
3 0 1 3 3 1 4 0 2 2 2 3 2 4 2 4 4 2
20.8.g
2 1 1 4 3 1 1 2 2 1 2 2 3 2 2 1 5 3
20.9.g
3 0 1 2 3 0 1 2 1 2 3 3 2 2 3 3 5 2
20.10.g
2 0 1 3 2 1 5 0 5 0 2 2 3 3 2 2 5 5
20.11.g
2 0 1 5 3 1 1 2 1 2 4 2 3 4 2 2 7 4
20.12.g
3 1 1 2 2 1 5 0 1 2 2 3 2 4 3 3 4 4
20.13.g
2 0 1 5 3 0 3 0 1 2 3 2 3 4 0 2 6 4
20.14.g
3 0 1 5 2 1 1 1 1 2 3 3 3 2 1 3 7 2
20.15.g
3 0 1 2 3 1 0 2 0 2 3 3 1 3 2 2 3 5
20.16.g
Error: 2
3 1 1 5 2 0 3 0 3 2 3 3 1 3 1 5 3 2
20.17.g
2 0 1 5 2 1 6 0 5 0 3 2 2 3 3 2 4 4
20.18.g
3 1 1 5 2 1 0 2 5 0 3 3 3 3 2 3 7 2
20.19.g
2 1 1 3 3 1 5 1 2 2 3 2 0 3 4 3 0 0
20.20.g

3 1 1 2 3 1 0 2 4 0 4 3 1 3 2 2 4 0
21.1.g
Error: 2
3 1 1 2 3 0 4 1 3 2 3 3 1 3 4 5 3 0
21.2.g
3 0 1 2 3 1 0 2 3 2 2 3 2 2 2 5 4 2
21.3.g
3 1 1 3 2 0 2 1 4 1 3 3 1 2 2 4 3 0
21.4.g
3 0 1 4 3 0 0 2 3 1 3 3 0 2 2 3 1 4
21.5.g
3 1 1 2 2 1 0 2 3 0 2 3 1 4 2 1 2 4
21.6.g
3 0 1 4 2 1 2 1 2 2 2 3 1 2 2 4 2 3
21.7.g
Error: 2
3 1 1 5 2 0 3 1 1 2 2 3 1 3 3 3 2 2
21.8.g
3 1 1 4 2 0 1 2 2 2 5 3 1 4 3 4 5 3
21.9.g
2 0 1 2 3 1 1 2 4 2 3 2 0 2 2 5 0 5
21.10.g
2 1 1 3 2 1 2 1 4 2 4 2 2 2 1 5 5 2
21.11.g
3 1 1 4 2 0 0 2 2 2 2 3 1 3 2 4 2 0
21.12.g
2 0 1 2 2 1 3 1 3 2 6 2 0 4 2 4 3 3
21.13.g
2 0 1 5 2 0 1 2 2 2 3 2 3 4 2 3 6 3
21.14.g
2 0 1 4 3 1 3 0 2 1 6 2 0 3 0 1 3 3
21.15.g
2 1 1 3 2 1 6 0 2 2 5 2 1 4 3 3 4 4
21.16.g
2 0 1 5 3 1 6 0 1 2 5 2 1 3 3 2 4 4
21.17.g
2 1 1 4 3 0 6 0 3 0 3 2 1 3 3 0 2 4
21.18.g
3 1 1 5 3 1 3 2 0 2 2 3 1 4 5 2 2 2
21.19.g
2 0 1 5 3 0 6 0 2 1 3 2 2 2 3 1 4 5
21.20.g

2 1 1 4 3 0 6 0 4 0 4 2 0 4 3 1 1 3
22.1.g
3 0 1 3 3 1 5 0 1 2 3 3 1 4 3 3 3 2
22.2.g
3 0 1 4 3 1 5 0 2 2 5 3 0 3 3 4 3 3
22.3.g
2 0 1 2 3 0 5 1 1 2 4 2 2 2 4 2 5 5
22.4.g
2 0 1 2 3 1 6 0 3 0 3 2 2 3 3 0 4 2
22.5.g
3 0 1 4 3 1 4 1 3 1 2 3 1 4 4 3 2 2
22.6.g
2 1 1 4 2 1 1 2 2 2 3 2 0 3 2 3 0 2
22.7.g
2 1 1 5 3 0 5 1 2 2 5 2 0 4 4 3 2 5
22.8.g
2 1 1 4 3 0 5 0 6 0 2 2 2 3 2 3 3 4
22.9.g
Error: 2
2 1 1 2 2 1 2 1 3 2 3 2 2 4 1 4 4 2
22.10.g
3 0 1 2 3 0 0 2 1 1 2 3 3 3 2 1 6 0
22.11.g
3 0 1 3 2 1 1 1 3 1 2 3 3 3 1 3 6 4
22.12.g
2 1 1 3 3 0 2 1 1 2 3 2 1 2 1 2 2 5
22.13.g
2 1 1 3 3 0 4 2 5 1 6 2 1 3 5 4 5 0
22.14.g
2 0 1 2 3 0 6 0 3 2 5 2 0 2 3 4 2 4
22.15.g
2 1 1 5 3 0 2 1 4 2 4 2 1 4 1 5 3 0
22.16.g
2 1 1 4 2 1 2 1 2 2 2 2 1 2 1 3 1 4
22.17.g
2 1 1 3 2 1 6 0 3 0 6 2 1 3 3 0 5 4
22.18.g
Error: 2
3 1 1 3 2 0 4 1 2 1 3 3 2 3 4 2 5 2
22.19.g
2 1 1 2 2 1 5 0 5 0 3 2 3 3 2 2 6 5
22.20.g

3 1 1 5 2 1 5 0 0 2 4 3 0 4 3 2 2 5
23.1.g
2 1 1 4 3 1 6 0 1 2 4 2 0 4 3 2 1 4
23.2.g
3 1 1 5 3 0 0 2 3 0 2 3 3 3 2 1 6 0
23.3.g
3 0 1 2 3 0 0 2 4 1 3 3 0 2 2 4 1 3
23.4.g
2 0 1 2 3 1 1 2 5 1 6 2 1 3 2 4 5 3
23.5.g
2 1 1 3 2 1 2 1 1 2 3 2 0 3 1 2 0 5
23.6.g
Error: 2
2 0 1 4 3 0 4 1 3 2 2 2 3 2 3 4 5 0
23.7.g
2 0 1 4 3 0 2 1 1 2 5 2 1 3 1 2 4 3
23.8.g
2 1 1 4 2 1 2 2 4 2 4 2 3 4 3 5 7 3
23.9.g
3 1 1 2 2 1 4 1 1 2 2 3 0 3 4 3 0 4
23.10.g
2 0 1 3 2 0 6 0 6 0 3 2 0 2 3 3 0 0
23.11.g
3 1 1 2 2 0 3 2 2 2 4 3 0 2 5 4 2 4
23.12.g
3 1 1 5 2 1 2 0 0 2 2 3 4 2 0 2 8 4
23.13.g
3 1 1 5 3 1 1 1 4 1 3 3 2 4 1 4 5 2
23.14.g
3 1 1 2 2 0 3 0 3 2 2 3 1 3 1 5 2 3
23.15.g
3 0 1 2 2 0 4 1 4 1 3 3 3 4 4 4 7 5
23.16.g
3 1 1 2 3 0 3 0 3 2 2 3 3 2 1 5 6 5
23.17.g
Error: 2
3 0 1 4 3 1 4 1 1 1 6 3 0 3 4 1 4 3
23.18.g
3 0 1 2 2 0 4 1 3 2 3 3 1 3 4 5 3 5
23.19.g
2 1 1 3 3 1 2 2 4 1 5 2 1 2 3 3 4 0
23.20.g

2 0 1 4 2 0 6 0 3 0 4 2 3 2 3 0 7 2
24.1.g
2 0 1 4 3 0 3 2 3 2 5 2 0 4 4 4 2 4
24.2.g
2 0 1 4 2 0 5 0 6 0 4 2 1 3 2 3 3 3
24.3.g
2 0 1 2 2 0 4 2 3 2 6 2 0 3 5 4 3 3
24.4.g
3 0 1 3 3 0 2 0 0 2 2 3 2 3 0 2 4 4
24.5.g
2 0 1 4 2 1 6 0 3 0 2 2 2 2 3 0 3 3
24.6.g
2 0 1 5 2 1 4 1 1 2 2 2 3 2 3 2 5 5
24.7.g
2 0 1 2 3 1 4 0 4 2 3 2 2 4 1 5 4 5
24.8.g
3 0 1 5 3 0 1 1 1 2 2 3 1 2 1 3 2 2
24.9.g
2 0 1 4 2 1 3 2 4 2 2 2 2 2 4 5 3 2
24.10.g
3 0 1 3 2 1 5 0 0 2 3 3 0 3 3 2 1 0
24.11.g
3 1 1 5 3 0 5 0 2 2 3 3 1 4 3 4 3 5
24.12.g
2 1 1 5 3 1 3 1 3 2 6 2 1 2 2 4 5 5
24.13.g
3 0 1 4 3 0 4 0 0 2 3 3 3 4 2 2 7 3
24.14.g
2 1 1 2 2 0 2 1 1 2 4 2 3 3 1 2 7 2
24.15.g
3 1 1 4 3 1 2 2 1 1 2 3 3 2 4 1 6 0
24.16.g
3 1 1 5 3 1 3 1 1 2 6 3 0 3 3 3 4 5
24.17.g
2 1 1 4 3 1 4 1 1 2 4 2 3 3 3 2 7 3
24.18.g
2 1 1 4 2 1 6 0 3 2 3 2 1 4 3 4 2 2
24.19.g
2 1 1 5 2 1 6 0 3 2 5 2 1 3 3 4 4 3
24.20.g

Error: 2
3 0 1 4 2 1 4 1 1 2 2 3 4 2 4 3 8 3
25.1.g
Error: 2
3 0 1 3 3 0 5 0 3 2 4 3 0 2 3 5 2 2
25.2.g
3 0 1 4 3 1 3 2 5 0 5 3 0 2 5 3 3 2
25.3.g
3 0 1 3 2 1 4 0 1 2 3 3 0 2 2 3 1 3
25.4.g
3 0 1 2 3 0 0 2 5 0 5 3 0 2 2 3 3 2
25.5.g
3 0 1 5 3 1 3 1 1 1 4 3 1 2 3 1 4 2
25.6.g
3 0 1 2 3 1 5 0 3 2 4 3 0 2 3 5 2 4
25.7.g
3 0 1 4 3 1 5 0 0 2 5 3 0 4 3 2 3 2
25.8.g
2 0 1 3 3 1 1 2 1 2 4 2 2 4 2 2 5 0
25.9.g
3 0 1 3 2 0 3 1 3 2 4 3 1 3 3 5 4 2
25.10.g
2 1 1 3 2 1 2 2 5 1 6 2 0 3 3 4 3 0
25.11.g
Error: 2
2 1 1 4 2 0 5 1 3 2 2 2 4 3 4 4 7 4
25.12.g
3 1 1 2 3 0 3 0 1 2 5 3 0 4 1 3 3 2
25.13.g
2 0 1 4 3 1 6 0 4 1 3 2 0 2 3 3 0 0
25.14.g
3 1 1 3 3 1 1 2 4 0 2 3 1 2 3 2 2 2
25.15.g
Error: 2
2 1 1 5 2 0 2 1 3 2 4 2 0 3 1 4 1 5
25.16.g
2 1 1 3 3 0 5 1 3 2 2 2 4 2 4 4 7 4
25.17.g
2 0 1 5 3 1 5 0 4 1 3 2 1 2 2 3 2 4
25.18.g
2 0 1 5 3 0 6 0 5 1 5 2 0 3 3 4 2 0
25.19.g
Error: 2
2 1 1 2 2 1 4 2 5 1 5 2 0 3 5 4 2 3
25.20.g

2 0 1 2 2 0 4 0 4 2 2 2 3 3 1 5 5 3
26.1.g
2 1 1 4 3 1 5 1 4 2 3 2 2 3 4 5 4 5
26.2.g
3 0 1 4 3 1 2 1 4 1 6 3 0 2 2 4 4 4
26.3.g
3 1 1 5 2 0 1 2 3 2 3 3 2 2 3 5 5 2
26.4.g
2 1 1 5 2 0 6 0 2 1 5 2 1 2 3 1 4 4
26.5.g
2 0 1 2 3 0 1 2 5 1 4 2 0 3 2 4 1 2
26.6.g
Error: 2
2 0 1 4 2 1 3 0 1 2 2 2 4 2 0 2 7 3
26.7.g
2 1 1 5 2 0 2 2 4 1 4 2 1 3 3 3 3 4
26.8.g
3 0 1 2 3 0 3 0 1 2 3 3 2 3 1 3 5 5
26.9.g
3 1 1 4 2 0 0 2 5 0 5 3 0 4 2 3 3 2
26.10.g
2 1 1 3 2 0 5 0 2 1 5 2 0 4 2 1 2 2
26.11.g
3 0 1 5 3 1 2 1 3 1 2 3 0 4 2 3 0 4
26.12.g
Error: 2
2 1 1 2 2 1 6 0 3 0 3 2 1 4 3 0 2 0
26.13.g
3 0 1 5 3 0 2 2 3 2 3 3 2 2 4 5 5 0
26.14.g
3 1 1 5 3 1 1 1 0 2 2 3 4 3 1 2 8 2
26.15.g
3 0 1 5 2 0 1 1 2 1 2 3 0 3 1 2 0 3
26.16.g
Error: 2
Error: 2
3 1 1 4 3 0 5 0 1 2 2 3 4 3 3 3 8 2
26.17.g
3 0 1 3 2 1 3 0 0 2 3 3 1 3 1 2 3 3
26.18.g
3 1 1 2 2 1 2 1 0 2 2 3 4 4 2 2 8 5
26.19.g
2 1 1 5 2 1 2 2 2 2 5 2 2 4 3 3 6 3
26.20.g

3 1 1 2 2 1 4 1 2 2 3 3 0 4 4 4 1 5
27.1.g
3 0 1 4 2 1 1 1 4 1 3 3 2 2 1 4 5 5
27.2.g
2 0 1 3 3 0 5 0 3 1 3 2 1 3 2 2 2 4
27.3.g
2 1 1 2 2 1 3 2 5 1 2 2 1 3 4 4 1 5
27.4.g
3 0 1 2 2 0 5 0 3 2 2 3 1 4 3 5 2 2
27.5.g
2 1 1 2 2 1 6 0 2 2 2 2 1 2 3 3 1 2
27.6.g
3 0 1 3 3 1 4 1 3 2 5 3 1 4 4 5 5 3
27.7.g
2 0 1 2 3 1 5 1 1 2 6 2 0 4 4 2 3 3
27.8.g
2 0 1 4 3 1 4 0 6 0 2 2 1 4 1 3 1 0
27.9.g
3 0 1 5 2 1 2 1 3 2 4 3 2 2 2 5 6 2
27.10.g
2 1 1 4 2 0 3 1 2 2 2 2 4 4 2 3 7 3
27.11.g
3 0 1 2 3 0 2 0 1 2 3 3 1 3 0 3 3 0
27.12.g
3 0 1 4 3 0 5 0 1 2 4 3 1 3 3 3 4 4
27.13.g
2 1 1 5 3 1 2 2 1 2 4 2 0 3 3 2 1 5
27.14.g
3 1 1 3 2 0 0 2 3 2 5 3 1 4 2 5 5 4
27.15.g
2 1 1 4 3 1 3 2 5 1 2 2 3 4 4 4 5 0
27.16.g
3 0 1 3 3 0 4 1 0 2 6 3 0 2 4 2 4 3
27.17.g
2 0 1 4 2 0 5 0 2 1 4 2 1 4 2 1 3 0
27.18.g
3 0 1 5 3 1 5 0 3 2 3 3 0 3 3 5 1 0
27.19.g
3 0 1 3 3 1 5 0 2 2 2 3 0 4 3 4 0 5
27.20.g

3 1 1 5 3 1 3 2 3 2 3 3 3 4 5 5 7 2
28.1.g
3 0 1 4 2 1 4 0 0 2 6 3 0 2 2 2 4 2
28.2.g
2 0 1 4 3 0 4 1 2 2 4 2 3 2 3 3 7 3
28.3.g
2 0 1 4 2 1 3 0 2 2 3 2 1 3 0 3 2 2
28.4.g
2 1 1 2 2 0 3 0 2 2 3 2 0 3 0 3 0 4
28.5.g
2 0 1 3 3 0 4 2 4 1 4 2 1 2 5 3 3 2
28.6.g
3 0 1 5 2 0 2 2 1 1 4 3 2 2 4 1 6 5
28.7.g
3 0 1 5 3 0 0 2 1 2 5 3 1 3 2 3 5 2
28.8.g
3 0 1 2 2 1 0 2 2 2 4 3 2 3 2 4 6 2
28.9.g
2 1 1 3 3 0 5 1 4 2 5 2 0 2 4 5 2 2
28.10.g
3 0 1 3 2 1 1 2 4 0 2 3 3 3 3 2 6 3
28.11.g
2 1 1 3 2 1 6 0 2 2 3 2 1 3 3 3 2 0
28.12.g
3 0 1 2 3 1 2 2 1 1 4 3 2 2 4 1 6 3
28.13.g
3 0 1 5 2 0 2 0 2 2 5 3 1 3 0 4 5 3
28.14.g
Error: 2
3 1 1 3 3 0 3 2 2 2 5 3 0 2 5 4 3 4
28.15.g
2 1 1 3 3 1 1 2 4 1 2 2 3 3 2 3 5 3
28.16.g
2 1 1 2 3 0 1 2 4 2 4 2 3 4 2 5 7 0
28.17.g
2 0 1 5 3 0 6 0 1 2 4 2 0 4 3 2 1 4
28.18.g
3 1 1 5 3 0 3 1 4 1 3 3 1 4 3 4 3 0
28.19.g
2 0 1 4 3 1 6 0 4 1 4 2 1 4 3 3 3 0
28.20.g

3 0 1 2 3 0 0 2 4 1 3 3 0 4 2 4 1 2
29.1.g
Error: 2
3 0 1 2 3 0 4 0 2 2 4 3 1 2 2 4 4 5
29.2.g
3 0 1 3 2 1 4 0 2 2 4 3 1 3 2 4 4 5
29.3.g
2 1 1 5 2 0 3 1 4 2 2 2 4 4 2 5 7 4
29.4.g
3 1 1 5 2 0 4 1 0 2 3 3 1 4 4 2 3 5
29.5.g
2 0 1 3 3 0 5 0 3 2 2 2 4 4 2 4 7 3
29.6.g
3 1 1 4 3 1 1 2 1 1 2 3 1 3 3 1 2 4
29.7.g
3 0 1 4 2 1 5 0 1 2 5 3 0 2 3 3 3 0
29.8.g
3 1 1 2 2 0 2 2 1 1 3 3 1 4 4 1 3 0
29.9.g
2 1 1 3 3 0 5 0 4 0 4 2 3 2 2 1 7 5
29.10.g
3 1 1 4 3 1 1 2 0 2 3 3 1 4 3 2 3 4
29.11.g
2 1 1 4 3 0 3 1 2 2 3 2 4 2 2 3 8 5
29.12.g
2 0 1 5 3 0 2 2 2 1 2 2 1 4 3 1 1 5
29.13.g
3 1 1 4 3 0 5 0 1 2 2 3 4 2 3 3 8 2
29.14.g
3 0 1 3 3 1 4 0 0 2 5 3 0 4 2 2 3 4
29.15.g
3 1 1 2 2 0 5 0 2 2 5 3 1 3 3 4 5 2
29.16.g
3 0 1 4 2 1 4 1 2 1 2 3 3 3 4 2 6 5
29.17.g
3 0 1 3 2 1 3 1 3 2 2 3 1 3 3 5 2 5
29.18.g
2 0 1 2 2 1 4 0 4 2 6 2 0 2 1 5 3 4
29.19.g
2 0 1 2 3 1 4 0 2 1 5 2 0 2 1 1 2 0
29.20.g

2 0 1 5 3 1 4 2 4 1 4 2 1 2 5 3 3 2
30.1.g
Error: 2
2 0 1 2 2 0 2 2 5 1 4 2 2 3 3 4 5 3
30.2.g
2 1 1 4 3 1 3 0 2 2 4 2 1 4 0 3 3 2
30.3.g
2 0 1 4 2 0 4 2 5 1 3 2 2 3 5 4 4 3
30.4.g
3 0 1 3 2 0 2 1 2 1 4 3 0 4 2 2 2 5
30.5.g
3 0 1 3 2 1 3 2 5 0 2 3 2 2 5 3 4 3
30.6.g
2 1 1 4 2 0 3 2 1 2 4 2 3 3 4 2 7 5
30.7.g
3 1 1 4 3 0 1 2 3 2 2 3 0 4 3 5 0 2
30.8.g
3 0 1 4 2 1 3 0 3 2 2 3 4 2 1 5 8 5
30.9.g
3 0 1 2 2 0 5 0 2 2 3 3 3 2 3 4 7 5
30.10.g
2 0 1 4 3 1 6 0 4 2 3 2 2 4 3 5 4 5
30.11.g
2 1 1 4 3 0 2 2 1 2 3 2 2 2 3 2 4 3
30.12.g
2 1 1 4 2 0 4 2 2 1 3 2 1 2 5 1 2 0
30.13.g
3 0 1 2 3 1 0 2 1 2 4 3 1 2 2 3 4 3
30.14.g
2 1 1 4 2 1 6 0 4 1 3 2 1 4 3 3 2 2
30.15.g
2 1 1 2 3 0 5 0 5 1 5 2 0 2 2 4 2 5
30.16.g
2 0 1 5 3 1 6 0 5 1 3 2 1 3 3 4 2 0
30.17.g
2 0 1 4 3 0 6 0 2 1 3 2 3 3 3 1 6 2
30.18.g
3 0 1 3 2 0 0 2 2 0 2 3 1 2 2 0 2 4
30.19.g
2 0 1 3 3 0 4 0 4 0 3 2 2 2 1 1 4 4
30.20.g

3 1 1 4 2 1 2 2 4 1 6 3 0 2 4 4 4 0
31.1.g
2 0 1 5 2 1 3 1 4 2 2 2 2 2 2 5 3 4
31.2.g
3 1 1 2 3 0 5 0 3 2 5 3 0 4 3 5 3 3
31.3.g
2 0 1 5 3 0 4 0 6 0 5 2 0 2 1 3 2 5
31.4.g
2 0 1 5 2 1 4 0 3 1 7 2 0 3 1 2 4 2
31.5.g
2 1 1 2 3 0 2 1 1 2 3 2 1 4 1 2 2 5
31.6.g
Error: 2
2 1 1 5 2 1 4 0 4 0 5 2 2 2 1 1 6 5
31.7.g
2 0 1 5 2 1 1 2 3 1 3 2 0 2 2 2 0 5
31.8.g
3 1 1 5 3 0 0 2 1 1 3 3 1 2 2 1 3 5
31.9.g
2 0 1 2 2 0 3 2 3 2 2 2 4 3 4 4 7 3
31.10.g
2 0 1 3 2 0 1 2 4 2 3 2 1 2 2 5 2 5
31.11.g
2 0 1 3 3 1 2 1 4 2 3 2 0 3 1 5 0 0
31.12.g
3 1 1 2 2 1 4 0 2 2 2 3 2 3 2 4 4 4
31.13.g
2 1 1 5 3 0 1 2 3 2 3 2 4 2 2 4 8 0
31.14.g
3 1 1 2 2 0 1 2 2 0 2 3 2 3 3 0 4 0
31.15.g
3 0 1 5 2 0 0 2 4 0 2 3 1 2 2 2 2 2
31.16.g
2 1 1 3 2 0 6 0 4 2 6 2 0 2 3 5 3 2
31.17.g
3 0 1 3 2 0 4 0 3 2 4 3 0 2 2 5 2 5
31.18.g
2 1 1 5 3 1 4 2 2 1 5 2 2 3 5 1 6 4
31.19.g
2 0 1 5 2 1 3 2 5 1 6 2 1 2 4 4 5 5
31.20.g

2 1 1 4 2 0 4 0 6 0 2 2 3 3 1 3 5 5
32.1.g
3 1 1 2 2 1 0 2 1 1 3 3 3 3 2 1 7 4
32.2.g
2 1 1 2 3 1 3 0 4 2 2 2 4 3 0 5 7 4
32.3.g
2 1 1 5 2 1 3 1 3 2 5 2 1 4 2 4 4 3
32.4.g
2 0 1 4 3 0 2 1 3 2 5 2 0 3 1 4 2 2
32.5.g
2 0 1 4 2 0 4 0 4 2 5 2 2 4 1 5 6 4
32.6.g
Error: 2
2 1 1 2 3 0 1 2 4 1 5 2 0 2 2 3 2 2
32.7.g
2 1 1 4 2 0 6 0 1 2 4 2 2 3 3 2 5 3
32.8.g
Error: 2
2 0 1 3 2 0 2 2 4 1 2 2 1 2 3 3 1 2
32.9.g
2 0 1 5 3 0 5 1 1 2 3 2 0 2 4 2 0 4
32.10.g
2 1 1 3 2 0 4 1 3 2 4 2 3 4 3 4 7 2
32.11.g
2 0 1 4 3 0 4 0 4 1 3 2 2 3 1 3 4 0
32.12.g
2 1 1 2 3 1 2 2 5 1 2 2 3 4 3 4 5 3
32.13.g
3 0 1 2 3 1 1 1 0 2 6 3 0 4 1 2 4 3
32.14.g
2 1 1 2 2 1 2 2 5 1 2 2 2 4 3 4 3 0
32.15.g
2 0 1 5 2 0 1 2 3 2 4 2 0 3 2 4 1 0
32.16.g
2 0 1 5 2 1 2 1 4 2 3 2 4 4 1 5 8 2
32.17.g
2 1 1 5 2 1 4 0 4 0 5 2 1 4 1 1 4 5
32.18.g
2 0 1 2 3 1 5 1 4 2 6 2 1 4 4 5 5 4
32.19.g
2 1 1 4 2 1 6 0 4 1 5 2 2 4 3 3 6 4
32.20.g

Error: 2
3 0 1 4 2 0 2 0 3 2 2 3 1 3 0 5 2 3
33.1.g
2 0 1 5 3 0 4 1 1 2 4 2 3 4 3 2 7 3
33.2.g
3 1 1 4 2 0 5 0 2 2 4 3 1 3 3 4 4 5
33.3.g
3 0 1 5 3 1 2 1 2 2 3 3 0 2 2 4 1 2
33.4.g
2 1 1 3 2 1 4 1 3 2 4 2 0 2 3 4 1 4
33.5.g
3 1 1 5 2 1 0 2 3 1 2 3 0 4 2 3 0 2
33.6.g
3 0 1 2 3 0 2 1 0 2 2 3 4 3 2 2 8 5
33.7.g
Error: 2
2 0 1 2 2 0 5 0 2 1 6 2 0 3 2 1 3 4
33.8.g
2 0 1 5 3 0 3 2 2 1 4 2 1 4 4 1 3 4
33.9.g
2 1 1 4 2 0 4 0 4 2 5 2 2 2 1 5 6 2
33.10.g
Error: 2
2 1 1 5 3 1 1 2 1 2 3 2 3 2 2 2 6 4
33.11.g
2 0 1 3 3 0 6 0 5 1 4 2 2 2 3 4 5 4
33.12.g
3 0 1 4 3 0 5 0 3 2 3 3 3 4 3 5 7 0
33.13.g
2 1 1 2 2 0 1 2 4 1 4 2 2 3 2 3 5 2
33.14.g
2 0 1 2 2 1 1 2 5 1 6 2 1 2 2 4 5 3
33.15.g
3 0 1 5 3 1 2 0 3 2 4 3 2 2 0 5 6 3
33.16.g
2 0 1 4 2 1 1 2 5 1 3 2 2 3 2 4 4 5
33.17.g
2 1 1 3 3 0 3 1 3 2 5 2 2 4 2 4 6 3
33.18.g
2 0 1 3 3 0 5 0 3 0 5 2 0 4 2 0 2 4
33.19.g
2 0 1 2 3 1 3 2 5 1 4 2 0 4 4 4 1 3
33.20.g

Error: 2
3 0 1 3 2 0 5 0 3 2 4 3 0 4 3 5 2 5
34.1.g
3 1 1 3 2 0 2 2 2 0 4 3 1 4 4 0 4 3
34.2.g
3 0 1 5 2 0 4 0 0 2 2 3 0 4 2 2 0 5
34.3.g
3 1 1 5 3 1 0 2 2 0 2 3 2 4 2 0 4 5
34.4.g
3 0 1 5 3 0 4 0 2 2 3 3 2 3 2 4 5 3
34.5.g
2 1 1 5 2 1 5 1 4 2 2 2 4 4 4 5 7 2
34.6.g
2 1 1 3 3 0 3 2 4 2 3 2 4 4 4 5 8 4
34.7.g
2 1 1 3 3 0 6 0 5 0 4 2 1 2 3 2 3 5
34.8.g
3 0 1 2 2 0 0 2 2 0 2 3 1 3 2 0 2 0
34.9.g
2 1 1 3 3 0 3 1 1 2 2 2 1 2 2 2 1 0
34.10.g
2 1 1 3 3 0 3 0 3 1 4 2 2 3 0 2 5 3
34.11.g
Error: 2
3 0 1 3 3 1 5 0 2 2 6 3 0 3 3 4 4 4
34.12.g
3 1 1 3 3 1 1 2 1 1 2 3 3 2 3 1 6 4
34.13.g
3 1 1 5 2 1 1 2 4 0 5 3 1 3 3 2 5 2
34.14.g
3 0 1 2 2 0 1 1 2 1 4 3 2 4 1 2 6 4
34.15.g
3 0 1 5 3 1 2 2 2 2 3 3 3 4 4 4 7 4
34.16.g
2 1 1 2 3 1 3 1 3 2 6 2 0 3 2 4 3 3
34.17.g
2 1 1 4 2 1 6 0 2 2 6 2 0 4 3 3 3 3
34.18.g
3 1 1 5 2 1 3 0 0 2 2 3 0 4 1 2 0 5
34.19.g
3 1 1 2 2 1 3 1 2 2 4 3 0 2 3 4 2 3
34.20.g

3 1 1 2 3 1 1 1 3 1 2 3 1 3 1 3 2 2
35.1.g
2 0 1 2 3 1 6 0 3 1 7 2 0 4 3 2 4 2
35.2.g
2 1 1 2 3 0 2 2 3 2 4 2 1 4 3 4 3 5
35.3.g
3 1 1 2 3 1 3 1 2 1 5 3 1 2 3 2 5 0
35.4.g
2 0 1 4 3 0 3 0 6 0 5 2 0 3 0 3 2 5
35.5.g
2 1 1 3 3 0 3 0 1 2 2 2 3 4 0 2 5 0
35.6.g
Error: 2
3 0 1 4 3 1 4 1 2 2 3 3 1 2 4 4 3 3
35.7.g
2 0 1 2 3 1 5 1 1 2 3 2 2 4 4 2 4 0
35.8.g
3 1 1 5 3 0 4 0 2 2 5 3 1 2 2 4 5 4
35.9.g
3 0 1 2 3 1 2 2 3 0 3 3 0 3 4 1 1 5
35.10.g
3 0 1 2 3 1 4 0 3 2 4 3 2 4 2 5 6 4
35.11.g
2 1 1 5 2 0 1 2 1 2 5 2 1 2 2 2 4 0
35.12.g
3 1 1 4 2 1 1 1 3 1 2 3 1 4 1 3 2 3
35.13.g
3 1 1 4 3 1 3 2 2 2 3 3 3 4 5 4 7 5
35.14.g
3 1 1 4 3 0 2 1 1 1 2 3 2 4 2 1 4 5
35.15.g
2 0 1 2 2 1 3 2 5 1 4 2 1 2 4 4 3 0
35.16.g
2 1 1 3 3 0 5 1 3 2 4 2 2 3 4 4 5 2
35.17.g
2 0 1 5 2 1 2 2 3 1 6 2 1 4 3 2 5 2
35.18.g
2 1 1 5 3 1 5 0 1 2 5 2 0 2 2 2 2 2
35.19.g
2 1 1 4 2 0 5 1 3 2 4 2 1 4 4 4 3 2
35.20.g

2 1 1 5 2 0 4 2 1 2 3 2 1 3 5 2 2 4
36.1.g
2 0 1 5 2 0 1 2 3 2 6 2 1 2 2 4 5 5
36.2.g
Error: 2
2 1 1 2 3 0 4 2 2 2 4 2 2 3 5 3 5 3
36.3.g
2 0 1 2 3 1 3 1 1 2 4 2 3 4 2 2 7 3
36.4.g
2 1 1 2 2 0 4 2 2 2 3 2 3 2 5 3 6 0
36.5.g
3 0 1 3 3 1 2 1 2 1 2 3 0 4 2 2 0 5
36.6.g
2 0 1 2 2 1 4 0 3 1 5 2 2 2 1 2 6 0
36.7.g
3 0 1 2 2 1 5 0 2 2 5 3 0 4 3 4 3 2
36.8.g
2 0 1 2 3 0 3 2 5 1 3 2 0 3 4 4 0 2
36.9.g
3 0 1 3 2 0 5 0 2 2 4 3 1 2 3 4 4 4
36.10.g
2 0 1 2 3 0 3 2 2 1 7 2 0 2 4 1 4 5
36.11.g
3 1 1 2 3 1 2 0 2 2 3 3 1 4 0 4 3 3
36.12.g
3 1 1 2 3 1 1 1 3 1 2 3 1 3 1 3 2 5
36.13.g
2 1 1 3 2 1 3 2 4 2 5 2 0 4 4 5 2 4
36.14.g
3 1 1 5 3 0 0 2 2 2 6 3 0 2 2 4 4 2
36.15.g
2 1 1 5 2 1 3 1 3 2 5 2 0 2 2 4 2 3
36.16.g
2 1 1 3 3 1 6 0 1 2 4 2 0 3 3 2 1 3
36.17.g
3 0 1 4 3 0 3 0 2 2 4 3 0 3 1 4 2 4
36.18.g
2 0 1 4 3 0 4 2 2 2 6 2 1 4 5 3 5 4
36.19.g
2 1 1 4 3 1 5 1 3 2 3 2 3 2 4 4 6 4
36.20.g

2 1 1 3 2 1 4 2 1 2 3 2 4 3 5 2 8 3
37.1.g
3 1 1 2 2 1 3 1 0 2 5 3 1 2 3 2 5 4
37.2.g
2 1 1 4 2 1 2 2 2 1 4 2 0 3 3 1 1 5
37.3.g
3 0 1 2 2 1 4 0 2 2 2 3 3 4 2 4 6 4
37.4.g
2 0 1 2 3 1 4 2 5 1 2 2 2 3 5 4 3 3
37.5.g
3 1 1 3 3 1 3 2 0 2 4 3 1 3 5 2 4 3
37.6.g
2 0 1 2 3 0 4 0 5 1 4 2 1 3 1 4 3 5
37.7.g
3 1 1 4 3 1 4 1 1 2 4 3 1 2 4 3 4 3
37.8.g
2 1 1 3 3 0 1 2 5 1 4 2 1 3 2 4 3 2
37.9.g
2 0 1 4 3 1 5 1 2 2 3 2 1 4 4 3 2 0
37.10.g
2 1 1 4 2 0 6 0 3 0 5 2 0 3 3 0 2 4
37.11.g
2 1 1 3 2 1 4 2 2 1 2 2 1 2 5 1 1 2
37.12.g
2 1 1 4 2 1 5 1 3 2 2 2 3 4 4 4 5 0
37.13.g
3 0 1 5 2 0 0 2 3 0 3 3 0 4 2 1 1 2
37.14.g
3 0 1 4 3 0 0 2 4 0 2 3 2 3 2 2 4 3
37.15.g
Error: 2
3 1 1 3 3 1 2 1 4 1 4 3 0 4 2 4 2 5
37.16.g
2 0 1 5 2 0 6 0 4 0 2 2 3 3 3 1 5 4
37.17.g
2 1 1 5 2 0 3 0 2 2 2 2 1 3 0 3 1 5
37.18.g
3 0 1 2 3 1 1 1 3 2 3 3 0 4 1 5 1 2
37.19.g
2 1 1 4 3 1 4 1 4 2 4 2 3 3 3 5 7 5
37.20.g

3 0 1 3 2 0 5 0 3 2 3 3 1 4 3 5 3 5
38.1.g
2 1 1 3 2 1 2 2 5 1 4 2 2 4 3 4 5 2
38.2.g
3 0 1 4 2 0 0 2 1 2 6 3 0 4 2 3 4 5
38.3.g
2 0 1 5 2 0 1 2 3 1 6 2 0 4 2 2 3 5
38.4.g
2 1 1 5 3 0 3 0 4 1 3 2 1 3 0 3 2 0
38.5.g
2 0 1 5 3 1 2 1 1 2 3 2 4 4 1 2 8 2
38.6.g
2 0 1 2 3 0 4 1 3 2 3 2 4 2 3 4 8 5
38.7.g
3 0 1 5 2 1 3 2 2 2 3 3 3 4 5 4 7 4
38.8.g
2 1 1 5 2 0 3 1 2 2 3 2 2 3 2 3 4 5
38.9.g
3 0 1 2 2 0 2 2 2 2 2 3 0 2 4 4 0 0
38.10.g
3 0 1 4 3 0 3 0 0 2 2 3 0 2 1 2 0 5
38.11.g
3 0 1 2 2 0 3 2 5 0 4 3 1 2 5 3 4 2
38.12.g
3 0 1 3 2 1 1 2 4 1 3 3 0 3 3 4 1 2
38.13.g
2 1 1 5 2 1 6 0 4 1 5 2 2 4 3 3 6 4
38.14.g
2 0 1 2 2 0 6 0 3 0 2 2 3 4 3 0 5 5
38.15.g
2 0 1 5 2 0 2 1 1 2 5 2 1 3 1 2 4 3
38.16.g
Error: 2
3 1 1 5 3 1 4 0 0 2 3 3 1 4 2 2 3 0
38.17.g
3 0 1 2 3 1 0 2 2 1 2 3 2 2 2 2 4 2
38.18.g
2 0 1 4 2 1 2 2 5 1 3 2 1 3 3 4 2 0
38.19.g
2 1 1 2 2 1 4 0 3 0 6 2 0 2 1 0 3 2
38.20.g

2 0 1 3 3 0 5 1 1 2 4 2 1 4 4 2 3 3
39.1.g
2 1 1 4 2 0 6 0 2 1 2 2 3 4 3 1 5 2
39.2.g
3 1 1 2 3 0 5 0 2 2 3 3 3 2 3 4 7 4
39.3.g
2 0 1 3 3 0 6 0 2 2 4 2 0 2 3 3 1 3
39.4.g
3 0 1 2 3 1 2 1 2 2 3 3 3 3 2 4 7 2
39.5.g
Error: 2
3 1 1 2 2 0 2 0 0 2 2 3 2 4 0 2 4 3
39.6.g
3 0 1 2 2 0 1 1 2 2 2 3 1 2 1 4 2 0
39.7.g
3 0 1 2 3 1 2 1 0 2 4 3 2 4 2 2 6 2
39.8.g
2 0 1 5 2 1 6 0 4 0 7 2 0 2 3 1 4 2
39.9.g
2 0 1 2 2 1 4 1 2 2 5 2 2 3 3 3 6 3
39.10.g
Error: 2
3 1 1 4 3 1 1 2 3 1 3 3 0 3 3 3 1 3
39.11.g
3 1 1 2 3 0 5 0 0 2 2 3 0 4 3 2 0 3
39.12.g
2 0 1 2 2 0 6 0 4 1 5 2 1 2 3 3 4 4
39.13.g
3 1 1 2 3 0 0 2 1 1 5 3 0 2 2 1 3 3
39.14.g
2 1 1 2 3 0 3 1 3 2 2 2 3 4 2 4 5 5
39.15.g
Error: 2
3 1 1 5 2 1 2 1 4 1 2 3 2 2 2 4 4 4
39.16.g
3 1 1 5 3 1 2 0 3 2 2 3 1 2 0 5 2 2
39.17.g
3 1 1 3 2 1 3 0 1 2 2 3 3 4 1 3 6 4
39.18.g
2 1 1 3 2 1 5 0 4 0 5 2 0 3 2 1 2 4
39.19.g
2 1 1 4 2 0 5 0 2 2 5 2 0 4 2 3 2 3
39.20.g

3 0 1 2 2 0 1 1 4 1 3 3 0 3 1 4 1 5
40.1.g
2 0 1 3 2 1 4 0 2 2 2 2 4 4 1 3 7 2
40.2.g
2 0 1 3 2 0 4 2 4 2 2 2 1 4 5 5 1 5
40.3.g
3 0 1 2 2 0 1 1 1 1 3 3 1 4 1 1 3 3
40.4.g
3 1 1 5 3 0 1 1 3 2 3 3 0 4 1 5 1 2
40.5.g
Error: 2
2 0 1 5 3 0 1 2 1 2 3 2 3 2 2 2 6 3
40.6.g
3 1 1 4 3 1 3 1 2 1 3 3 1 3 3 2 3 0
40.7.g
2 1 1 4 2 1 2 2 3 1 3 2 2 2 3 2 4 2
40.8.g
2 1 1 5 2 0 3 2 2 1 2 2 1 4 4 1 1 0
40.9.g
Error: 2
3 0 1 5 3 1 1 2 2 0 2 3 3 3 3 0 6 0
40.10.g
2 0 1 5 3 0 5 1 4 2 3 2 2 2 4 5 4 3
40.11.g
2 0 1 3 3 1 6 0 4 2 3 2 3 4 3 5 6 0
40.12.g
2 0 1 3 2 0 2 1 4 2 5 2 1 4 1 5 4 3
40.13.g
3 1 1 2 2 0 4 0 0 2 3 3 0 2 2 2 1 4
40.14.g
2 1 1 3 3 0 3 1 3 2 2 2 2 3 2 4 3 4
40.15.g
3 0 1 2 3 0 4 1 2 2 2 3 3 4 4 4 6 3
40.16.g
2 1 1 5 2 0 1 2 3 1 3 2 0 4 2 2 0 5
40.17.g
2 0 1 2 2 0 3 1 4 2 6 2 0 3 2 5 3 4
40.18.g
2 1 1 3 3 0 2 1 4 2 4 2 0 4 1 5 1 5
40.19.g
2 1 1 5 3 0 4 0 4 2 6 2 1 4 1 5 5 2
40.20.g

2 0 1 5 3 0 2 1 3 2 6 2 1 3 1 4 5 4
41.1.g
2 0 1 4 2 0 4 2 5 1 4 2 3 2 5 4 7 3
41.2.g
2 1 1 2 3 1 1 2 2 2 4 2 1 3 2 3 3 0
41.3.g
Error: 2
Error: 2
2 1 1 2 2 0 5 1 1 2 5 2 2 2 4 2 6 5
41.4.g
3 0 1 5 3 1 5 0 3 2 2 3 1 4 3 5 2 2
41.5.g
2 0 1 3 3 0 5 1 4 2 2 2 2 2 4 5 3 5
41.6.g
2 1 1 4 2 1 5 1 4 2 4 2 2 3 4 5 5 5
41.7.g
2 0 1 3 2 1 2 1 1 2 4 2 1 2 1 2 3 5
41.8.g
3 1 1 5 3 1 2 2 2 1 3 3 2 2 4 2 5 3
41.9.g
2 0 1 2 2 1 2 2 3 1 3 2 3 4 3 2 6 0
41.10.g
3 0 1 3 2 1 0 2 3 1 2 3 3 2 2 3 6 2
41.11.g
2 0 1 5 3 0 6 0 4 2 5 2 0 2 3 5 2 3
41.12.g
3 0 1 5 3 1 3 2 2 0 3 3 3 3 5 0 7 0
41.13.g
Error: 2
3 0 1 3 2 1 1 1 1 2 2 3 3 2 1 3 6 4
41.14.g
3 0 1 2 2 1 5 0 2 2 4 3 2 4 3 4 6 0
41.15.g
Error: 2
2 0 1 5 3 0 6 0 6 0 2 2 3 4 3 3 5 5
41.16.g
2 0 1 3 2 0 5 0 2 2 3 2 2 3 2 3 4 0
41.17.g
3 1 1 5 2 1 1 2 2 1 2 3 0 2 3 2 0 3
41.18.g
3 1 1 5 3 0 5 0 2 2 4 3 2 4 3 4 6 3
41.19.g
3 1 1 5 3 0 3 1 2 1 3 3 0 4 3 2 1 5
41.20.g

Error: 2
3 1 1 4 2 0 1 2 3 2 2 3 3 3 3 5 6 4
42.1.g
2 1 1 2 2 0 4 2 4 1 5 2 0 4 5 3 2 2
42.2.g
3 1 1 5 2 1 4 0 1 2 5 3 0 4 2 3 3 2
42.3.g
Error: 2
2 1 1 4 2 0 5 0 3 2 7 2 0 2 2 4 4 2
42.4.g
2 1 1 5 3 1 1 2 2 2 6 2 0 4 2 3 3 3
42.5.g
2 0 1 2 2 0 4 2 4 1 5 2 1 4 5 3 4 2
42.6.g
2 1 1 5 3 1 3 2 5 1 4 2 3 3 4 4 7 2
42.7.g
2 1 1 5 3 1 4 1 4 2 6 2 0 3 3 5 3 5
42.8.g
2 1 1 5 3 1 3 1 1 2 5 2 1 4 2 2 4 0
42.9.g
2 1 1 3 3 1 4 2 3 2 6 2 1 4 5 4 5 5
42.10.g
3 1 1 2 2 0 0 2 2 1 3 3 2 2 2 2 5 2
42.11.g
3 1 1 5 3 1 0 2 4 1 2 3 0 2 2 4 0 4
42.12.g
3 0 1 3 3 1 3 1 4 1 5 3 0 2 3 4 3 4
42.13.g
2 0 1 5 2 1 3 1 3 2 5 2 1 4 2 4 4 5
42.14.g
2 1 1 5 3 1 1 2 5 1 4 2 3 4 2 4 7 5
42.15.g
2 1 1 2 2 1 3 0 3 0 4 2 2 2 0 0 5 5
42.16.g
2 0 1 3 3 1 6 0 5 0 5 2 1 2 3 2 4 3
42.17.g
2 0 1 4 3 1 5 0 4 2 3 2 0 4 2 5 0 4
42.18.g
2 0 1 5 3 1 1 2 4 2 3 2 0 4 2 5 0 4
42.19.g
2 0 1 2 2 1 6 0 1 2 3 2 4 3 3 2 8 3
42.20.g

2 0 1 5 2 1 4 1 2 2 2 2 1 3 3 3 1 3
43.1.g
2 0 1 4 2 0 3 0 3 2 4 2 1 3 0 4 3 5
43.2.g
3 0 1 5 2 0 3 2 2 1 2 3 0 4 5 2 0 2
43.3.g
2 0 1 2 2 0 6 0 4 1 5 2 1 4 3 3 4 3
43.4.g
3 1 1 4 3 1 3 0 2 2 4 3 0 3 1 4 2 3
43.5.g
2 1 1 3 2 1 3 1 2 2 6 2 1 4 2 3 5 0
43.6.g
3 1 1 2 3 0 4 1 3 1 6 3 0 3 4 3 4 4
43.7.g
2 0 1 4 2 1 2 1 3 2 3 2 0 3 1 4 0 0
43.8.g
2 1 1 4 3 0 6 0 5 0 2 2 3 2 3 2 5 2
43.9.g
3 0 1 3 2 1 5 0 3 2 4 3 2 3 3 5 6 0
43.10.g
3 1 1 2 2 1 1 2 2 0 5 3 1 4 3 0 5 0
43.11.g
3 1 1 3 2 0 4 0 2 2 2 3 0 2 2 4 0 4
43.12.g
2 0 1 5 2 1 1 2 2 1 2 2 2 2 2 1 3 3
43.13.g
3 0 1 5 3 1 5 0 1 2 6 3 0 3 3 3 4 5
43.14.g
2 0 1 4 2 1 5 0 2 2 6 2 0 2 2 3 3 3
43.15.g
2 0 1 4 3 1 6 0 3 0 3 2 3 3 3 0 6 5
43.16.g
2 0 1 3 2 1 5 1 1 2 2 2 2 2 4 2 3 0
43.17.g
2 0 1 5 2 0 4 1 4 2 3 2 2 4 3 5 4 0
43.18.g
2 0 1 4 3 0 3 1 2 2 2 2 1 3 2 3 1 4
43.19.g
3 1 1 5 3 0 1 1 3 1 2 3 2 3 1 3 4 2
43.20.g

2 0 1 3 3 0 5 0 2 1 2 2 2 4 2 1 3 5
44.1.g
Error: 2
2 0 1 3 2 1 3 1 4 2 3 2 4 2 2 5 8 0
44.2.g
2 0 1 4 3 0 2 2 3 1 3 2 0 3 3 2 0 4
44.3.g
3 0 1 3 3 1 3 2 0 2 3 3 0 4 5 2 1 2
44.4.g
2 0 1 4 2 1 3 0 5 0 4 2 2 2 0 2 5 2
44.5.g
3 0 1 5 2 0 0 2 2 1 4 3 2 4 2 2 6 0
44.6.g
2 0 1 5 3 0 2 2 4 1 4 2 3 2 3 3 7 2
44.7.g
2 1 1 4 3 0 4 1 3 2 6 2 0 2 3 4 3 4
44.8.g
3 1 1 5 3 1 4 1 1 1 3 3 1 3 4 1 3 2
44.9.g
2 1 1 4 2 1 6 0 2 1 3 2 0 3 3 1 0 5
44.10.g
2 1 1 2 3 0 1 2 2 2 2 2 3 3 2 3 5 2
44.11.g
3 0 1 5 2 1 1 1 3 1 4 3 0 4 1 3 2 4
44.12.g
2 1 1 3 3 1 2 1 3 2 5 2 2 3 1 4 6 4
44.13.g
3 0 1 4 2 0 3 2 1 2 4 3 2 3 5 3 6 4
44.14.g
2 1 1 5 2 0 4 2 5 1 3 2 3 2 5 4 6 5
44.15.g
3 1 1 4 2 1 0 2 2 0 5 3 1 3 2 0 5 2
44.16.g
2 0 1 2 3 0 1 2 3 2 5 2 1 4 2 4 4 5
44.17.g
2 1 1 5 2 0 1 2 4 1 3 2 0 4 2 3 0 0
44.18.g
3 1 1 4 2 1 3 1 4 1 6 3 0 2 3 4 4 0
44.19.g
2 1 1 2 3 1 4 0 2 2 5 2 0 3 1 3 2 4
44.20.g

3 1 1 5 2 1 4 1 2 1 5 3 0 3 4 2 3 0
45.1.g
2 1 1 4 3 0 2 2 2 2 4 2 2 4 3 3 5 4
45.2.g
3 0 1 5 2 0 4 0 0 2 6 3 0 3 2 2 4 0
45.3.g
2 1 1 5 2 0 1 2 2 2 5 2 0 4 2 3 2 5
45.4.g
2 1 1 3 3 1 6 0 3 2 6 2 1 4 3 4 5 5
45.5.g
2 1 1 4 2 0 4 2 2 1 2 2 3 3 5 1 5 5
45.6.g
3 0 1 2 2 1 3 1 4 1 3 3 2 4 3 4 5 5
45.7.g
Error: 2
2 1 1 3 2 0 3 2 3 2 4 2 1 3 4 4 3 4
45.8.g
2 1 1 5 2 1 6 0 4 1 4 2 1 2 3 3 3 4
45.9.g
3 0 1 4 3 1 0 2 4 1 3 3 2 2 2 4 5 2
45.10.g
3 0 1 2 3 1 3 2 3 2 4 3 2 3 5 5 6 2
45.11.g
3 0 1 3 2 1 3 1 1 1 4 3 2 3 3 1 6 5
45.12.g
2 0 1 5 2 1 5 0 3 0 3 2 0 3 2 0 0 0
45.13.g
3 0 1 2 3 0 2 0 1 2 3 3 2 4 0 3 5 5
45.14.g
Error: 2
3 1 1 4 2 0 0 2 3 2 3 3 1 3 2 5 3 0
45.15.g
3 0 1 5 3 1 2 2 3 1 2 3 3 2 4 3 6 2
45.16.g
2 1 1 5 3 0 3 2 2 2 4 2 3 3 4 3 7 3
45.17.g
2 1 1 4 3 1 3 2 1 2 2 2 3 4 4 2 5 0
45.18.g
2 1 1 4 2 0 5 1 1 2 4 2 1 4 4 2 3 5
45.19.g
2 1 1 5 2 1 4 1 3 2 3 2 3 3 3 4 6 5
45.20.g

2 1 1 3 3 1 2 2 3 1 4 2 2 4 3 2 5 5
46.1.g
3 0 1 5 2 0 1 1 3 2 4 3 2 2 1 5 6 3
46.2.g
2 0 1 4 2 1 2 1 3 2 5 2 0 4 1 4 2 3
46.3.g
2 0 1 2 3 1 5 1 2 2 3 2 0 4 4 3 0 5
46.4.g
3 1 1 5 2 0 3 2 3 0 3 3 3 4 5 1 7 0
46.5.g
Error: 2
3 0 1 3 2 1 2 2 1 1 3 3 2 3 4 1 5 2
46.6.g
2 0 1 2 3 0 5 1 2 2 3 2 0 4 4 3 0 4
46.7.g
3 1 1 4 2 1 2 2 3 0 4 3 1 2 4 1 4 2
46.8.g
2 0 1 5 2 1 1 2 1 2 3 2 0 2 2 2 0 4
46.9.g
3 1 1 5 3 0 1 2 3 0 2 3 3 3 3 1 6 4
46.10.g
3 1 1 2 2 1 3 0 0 2 4 3 0 4 1 2 2 3
46.11.g
3 0 1 3 2 1 3 1 2 1 2 3 1 3 3 2 2 2
46.12.g
2 1 1 4 3 0 6 0 4 1 4 2 3 3 3 3 7 2
46.13.g
2 1 1 4 2 0 2 2 2 1 3 2 0 2 3 1 0 5
46.14.g
2 0 1 3 3 0 1 2 3 2 6 2 1 4 2 4 5 4
46.15.g
Error: 2
2 1 1 3 2 1 6 0 5 0 4 2 3 2 3 2 7 3
46.16.g
2 1 1 3 2 1 3 2 3 1 3 2 1 3 4 2 2 5
46.17.g
3 1 1 5 3 1 2 0 0 2 3 3 2 4 0 2 5 3
46.18.g
2 1 1 2 2 0 6 0 4 0 7 2 0 4 3 1 4 3
46.19.g
2 1 1 4 3 1 6 0 3 2 5 2 2 3 3 4 6 5
46.20.g

3 1 1 5 3 1 5 0 3 2 4 3 0 4 3 5 2 2
47.1.g
2 0 1 2 2 0 3 2 2 2 7 2 0 4 4 3 4 0
47.2.g
2 0 1 4 3 1 1 2 2 1 2 2 2 4 2 1 3 4
47.3.g
3 1 1 3 3 1 0 2 2 0 4 3 0 2 2 0 2 5
47.4.g
2 0 1 3 2 1 4 0 4 2 4 2 3 3 1 5 7 3
47.5.g
2 0 1 4 2 1 1 2 4 2 7 2 0 2 2 5 4 3
47.6.g
2 0 1 5 2 0 5 1 4 2 3 2 4 4 4 5 8 4
47.7.g
2 1 1 3 3 0 3 0 2 2 4 2 1 3 0 3 3 0
47.8.g
2 1 1 2 3 1 4 0 3 1 4 2 3 4 1 2 7 5
47.9.g
Error: 2
2 0 1 3 2 1 2 1 3 2 4 2 1 2 1 4 3 0
47.10.g
Error: 2
2 1 1 5 3 1 4 0 3 2 5 2 1 2 1 4 4 0
47.11.g
2 1 1 2 3 0 1 2 4 2 5 2 0 2 2 5 2 5
47.12.g
2 1 1 3 3 0 4 1 3 2 5 2 2 4 3 4 6 2
47.13.g
3 1 1 5 3 1 1 2 1 1 3 3 1 2 3 1 3 5
47.14.g
2 1 1 2 3 0 3 1 4 2 3 2 3 2 2 5 6 5
47.15.g
3 1 1 5 2 0 3 1 3 2 3 3 0 4 3 5 1 4
47.16.g
3 0 1 2 2 1 2 1 0 2 4 3 1 4 2 2 4 3
47.17.g
2 0 1 4 2 1 4 0 3 2 2 2 3 4 1 4 5 4
47.18.g
2 0 1 4 3 0 4 1 2 2 5 2 0 4 3 3 2 3
47.19.g
2 0 1 4 2 1 4 1 2 2 3 2 3 2 3 3 6 2
47.20.g

3 1 1 5 3 0 2 1 2 2 2 3 3 2 2 4 6 3
48.1.g
2 0 1 3 2 0 2 1 3 2 3 2 0 3 1 4 0 0
48.2.g
2 1 1 2 3 0 5 1 3 2 6 2 0 2 4 4 3 5
48.3.g
2 1 1 3 2 0 1 2 5 1 5 2 1 4 2 4 4 0
48.4.g
3 0 1 3 2 0 1 1 4 1 3 3 0 4 1 4 1 4
48.5.g
2 0 1 2 3 0 3 1 1 2 4 2 2 4 2 2 5 3
48.6.g
2 1 1 5 2 1 4 1 2 2 5 2 2 3 3 3 6 4
48.7.g
2 0 1 2 3 1 4 2 3 1 3 2 3 2 5 2 6 5
48.8.g
2 1 1 3 2 0 4 2 3 1 4 2 2 3 5 2 5 2
48.9.g
3 0 1 3 3 1 2 1 1 1 2 3 2 3 2 1 4 5
48.10.g
2 0 1 2 2 1 4 1 4 2 4 2 1 3 3 5 3 5
48.11.g
2 0 1 5 3 1 4 1 2 2 5 2 0 2 3 3 2 4
48.12.g
2 0 1 4 3 1 5 1 4 2 2 2 3 4 4 5 5 5
48.13.g
3 0 1 4 3 1 0 2 3 2 3 3 3 3 2 5 7 4
48.14.g
3 0 1 5 3 1 4 0 1 2 2 3 1 3 2 3 2 4
48.15.g
3 1 1 4 2 1 1 1 2 1 2 3 3 2 1 2 6 3
48.16.g
3 1 1 2 2 1 2 1 3 1 4 3 2 4 2 3 6 2
48.17.g
2 1 1 4 2 1 5 0 4 2 5 2 1 4 2 5 4 2
48.18.g
3 0 1 2 2 1 2 2 5 0 3 3 0 4 4 3 1 5
48.19.g
3 1 1 4 3 1 1 2 3 2 3 3 3 2 3 5 7 0
48.20.g

2 0 1 3 3 1 1 2 3 2 5 2 2 4 2 4 6 3
49.1.g
2 1 1 2 2 1 2 1 3 2 2 2 3 3 1 4 5 0
49.2.g
3 0 1 5 2 1 0 2 3 2 2 3 1 2 2 5 2 0
49.3.g
3 1 1 5 2 0 5 0 1 2 4 3 0 4 3 3 2 2
49.4.g
2 0 1 5 3 0 3 1 1 2 6 2 0 2 2 2 3 5
49.5.g
3 1 1 2 3 0 5 0 2 2 3 3 0 3 3 4 1 5
49.6.g
3 0 1 3 3 0 4 0 1 2 2 3 4 3 2 3 8 5
49.7.g
3 1 1 2 2 0 5 0 2 2 4 3 0 4 3 4 2 0
49.8.g
3 1 1 2 3 0 1 1 3 1 3 3 3 3 1 3 7 4
49.9.g
2 0 1 5 2 1 5 1 2 2 4 2 0 2 4 3 1 3
49.10.g
3 0 1 4 2 0 0 2 2 1 3 3 2 4 2 2 5 5
49.11.g
3 1 1 4 3 1 3 1 1 2 2 3 1 4 3 3 2 2
49.12.g
2 1 1 4 3 1 2 2 2 1 4 2 2 4 3 1 5 5
49.13.g
Error: 2
2 0 1 2 3 0 3 2 1 2 4 2 2 4 4 2 5 4
49.14.g
2 1 1 4 3 1 2 2 1 2 2 2 2 4 3 2 3 5
49.15.g
3 0 1 5 2 1 2 2 4 0 3 3 3 2 4 2 7 0
49.16.g
3 0 1 4 3 0 0 2 2 1 4 3 1 2 2 2 4 4
49.17.g
2 0 1 3 2 1 3 0 6 0 6 2 0 2 0 3 3 5
49.18.g
2 0 1 3 3 1 4 2 3 2 3 2 0 4 5 4 0 5
49.19.g
Error: 2
3 1 1 3 2 1 1 1 2 1 4 3 0 3 1 2 2 2
49.20.g

2 0 1 5 3 1 4 0 2 1 5 2 0 3 1 1 2 5
50.1.g
3 0 1 3 2 0 5 0 2 2 4 3 2 2 3 4 6 3
50.2.g
2 0 1 4 3 1 1 2 4 1 3 2 3 2 2 3 6 3
50.3.g
2 0 1 3 2 1 1 2 5 1 5 2 2 2 2 4 6 5
50.4.g
2 1 1 3 3 1 6 0 1 2 3 2 4 4 3 2 8 3
50.5.g
Error: 2
2 0 1 3 3 1 1 2 4 1 2 2 3 2 2 3 5 5
50.6.g
2 0 1 4 2 0 1 2 2 1 6 2 0 3 2 1 3 4
50.7.g
2 1 1 3 3 0 5 0 6 0 5 2 2 3 2 3 6 0
50.8.g
2 1 1 2 3 1 4 2 1 2 2 2 2 2 5 2 3 5
50.9.g
3 0 1 5 2 1 4 1 1 1 2 3 2 3 4 1 4 4
50.10.g
Error: 2
2 0 1 4 2 1 6 0 3 1 7 2 0 3 3 2 4 2
50.11.g
3 0 1 3 3 0 1 1 1 2 2 3 1 3 1 3 2 2
50.12.g
3 1 1 4 2 1 2 0 0 2 3 3 0 4 0 2 1 0
50.13.g
3 0 1 4 3 0 5 0 3 2 6 3 0 2 3 5 4 2
50.14.g
2 0 1 4 2 1 1 2 4 1 3 2 0 3 2 3 0 0
50.15.g
2 1 1 4 2 1 5 1 1 2 6 2 0 2 4 2 3 5
50.16.g
3 1 1 2 2 1 2 0 0 2 2 3 2 2 0 2 4 0
50.17.g
Error: 2
3 0 1 5 3 1 5 0 2 2 6 3 0 4 3 4 4 0
50.18.g
2 0 1 5 3 1 4 0 3 1 3 2 1 4 1 2 2 2
50.19.g
2 0 1 4 3 0 3 0 1 2 7 2 0 4 0 2 4 2
50.20.g

